date,Sitarganj,Khatima,Rudrapur,Kashipur,Pilibhit,Bazpur,Nainital,Haldwani,Jaspur,Pantnagar,Nanakmatta
5/1/2023,49.01764973,4.671494643,20.77374569,32.09285443,46.36031932,49.50946952,40.38875337,36.41797264,30.29548873,1.405097776,48.51057989
6/1/2023,7.273106928,3.900823513,25.18976573,14.97254318,46.36031932,8.467088137,42.38183374,5.95283975,0.767928607,16.31693327,49.35034491
7/1/2023,26.57294208,47.27971281,23.70952816,12.22544235,34.19255841,14.49233539,43.81117233,26.6455472,9.171013157,19.14920487,15.97200488
8/1/2023,3.72440552,2.114527719,31.2397615,20.55071069,30.92565456,35.90604838,4.086251982,32.82794828,16.71641533,46.29725834,36.27803909
9/1/2023,5.387977214,48.78304785,44.89786115,1.582034964,10.09614758,25.15923923,31.14974711,26.52880387,10.35124,29.89656129,1.25280262
10/1/2023,7.051548907,46.50340429,21.88599307,31.71340343,11.20333479,35.30711796,33.45465187,20.22965946,9.713191297,48.67900439,41.87310497
11/1/2023,18.7875233,47.98196305,34.55606316,2.124907601,30.85702853,18.16494762,29.02718233,24.15420191,7.746528072,2.521079905,44.95213474
12/1/2023,18.39477816,25.63910608,16.20798852,3.09427264,29.37001924,31.90089178,20.92392856,34.46496543,36.20529244,8.005830623,14.10931998
13-01-2023,6.928605125,23.98451641,9.736017947,17.42775019,22.85870061,31.9027413,35.35333158,18.24211865,38.59493154,24.61176866,20.0334636
14-01-2023,41.0055336,22.32992675,29.68696004,46.74914875,34.89365809,48.04152692,4.032026766,39.59827094,34.63094057,37.20569811,27.43993059
15-01-2023,38.80789943,20.86919922,18.94840128,0.099161102,37.83771367,1.43184061,38.96609796,24.29168845,20.67645222,24.27794383,17.57562328
16-01-2023,13.56407825,20.41188802,8.209842532,19.88852951,40.78176925,24.64839898,40.48123554,41.58470203,27.45054963,11.35018954,17.01706927
17-01-2023,22.13228931,21.84346689,18.77377804,45.40914929,20.20119725,17.84001382,41.99637311,28.39317438,45.49743024,47.83331575,43.68005281
18-01-2023,45.92602976,12.5292446,42.04405924,44.27563066,28.71483457,16.69152518,26.33445328,46.09072629,10.56607988,39.5950474,34.71863608
19-01-2023,26.14688194,15.93095423,36.4295323,11.04743551,20.49214449,33.76183945,49.42763506,46.76823892,1.519093299,40.08651264,49.14189403
20-01-2023,24.27192421,11.44021039,45.28671171,38.92544081,33.49917529,10.14320017,30.81317632,30.83869697,22.41600999,40.57797788,18.32228976
21-01-2023,24.27192421,34.14727254,31.90756869,13.06990278,28.83916748,6.894534549,0.685238597,7.965701692,43.29251534,18.82071562,41.87444674
22-01-2023,8.485938803,36.02109254,43.8126577,31.79554346,12.12986314,28.89842259,8.555345275,18.57700393,17.59245168,43.03628608,34.37092912
23-01-2023,8.485938803,9.031981046,32.77503882,25.95734094,6.900371233,11.21574359,28.61389956,30.24680494,19.61513582,39.04527393,14.46135673
24-01-2023,1.33687235,26.90597588,35.00607885,9.670164549,6.896095238,5.065742518,36.98591777,25.19098514,44.87756391,18.32554669,29.72756915
25-01-2023,18.06959465,16.26036406,48.37737816,43.04675153,18.1926364,5.065742518,36.37821718,29.64222692,16.90180443,16.08144037,6.759510719
26-01-2023,21.84734588,27.99201542,18.83296188,38.96550518,33.05028451,48.17108214,23.48256226,21.44780278,25.34187278,17.74325832,22.30743238
27-01-2023,8.450168936,43.01579472,14.88233369,22.90350428,7.030115197,48.17108214,0.576444192,40.54988057,27.02599357,23.28460525,30.31430987
28-01-2023,12.37889169,1.236451634,4.72034747,29.35670549,30.45219995,43.10505139,35.22025498,3.768779437,17.25010758,34.10248617,14.13537537
29-01-2023,4.264296101,10.69432933,41.033566,35.8099067,12.72713189,38.03902064,25.78898616,27.53463368,35.06761821,36.8257007,41.66713146
30-01-2023,45.58446632,49.76006262,4.254021264,5.51284289,25.69763793,32.25959511,28.94258074,37.27357379,37.40276183,2.884757391,47.73515827
31-01-2023,31.29771609,0.41811426,47.14699322,30.51888535,29.0124083,26.48016958,17.5759434,13.95760047,39.56633492,1.097251642,36.38756443
1/2/2023,17.01096586,22.01456321,21.53299576,35.99272846,8.198706998,26.91076939,20.42887303,3.879348099,6.687052885,45.41681765,0.381939555
2/2/2023,30.29896795,43.61101216,21.53299576,32.28790316,14.17329013,27.3413692,23.28180265,9.048994077,36.27085306,41.81492742,5.511117969
3/2/2023,45.61223786,34.15532689,46.2458892,42.62545869,0.869368917,33.4878231,25.96628737,14.21864005,39.74431017,46.30678942,17.87083829
4/2/2023,40.34291302,37.49590879,46.2458892,41.12407576,7.616373481,33.71450711,34.76621918,40.19286069,10.10142731,16.19935772,29.88970406
5/2/2023,43.20117354,8.901032663,49.32203402,12.72264524,38.78759996,2.668631989,27.7992694,24.04845288,10.63751475,34.60561757,21.47443538
6/2/2023,16.61033404,18.80115429,6.620729054,12.10379329,31.84551145,41.45936652,20.83231961,12.97836096,11.17360219,42.864548,28.60462155
7/2/2023,12.75467534,28.70127593,20.29922486,28.68608512,1.724347677,9.660882314,17.29217955,45.69179178,11.81634191,27.13684882,14.1484582
8/2/2023,44.44294516,46.10265383,30.132906,45.88579814,4.117580892,41.7584304,26.09417905,45.69179178,15.83145074,12.44041456,40.34189113
9/2/2023,2.160238598,24.81531686,38.90495942,26.87171388,45.13328253,48.52340595,30.42972236,43.62722234,24.35762003,20.04488257,36.61979272
10/2/2023,38.17386951,18.67839804,30.39328844,26.78811716,49.81297407,22.73720367,44.65703635,43.62722234,6.696123647,8.209560203,32.19592852
11/2/2023,7.98276929,29.08806386,30.0614982,6.643411969,33.59572722,40.84350948,39.93500609,49.83806126,24.93536372,16.25517281,26.03780425
12/2/2023,43.90963597,24.54023154,22.4953516,9.693722836,40.27354577,18.69145726,5.236040896,11.95272957,43.1746038,13.02848568,12.23980411
13-02-2023,40.74982825,5.062883049,14.929205,36.78049263,37.38400535,11.66942941,21.67488491,28.8509626,45.06705899,2.743363341,10.90676192
14-02-2023,14.06479481,9.489085129,6.307320216,42.99953905,26.3977659,20.96067907,41.92334017,8.774127461,46.95951417,33.41662501,37.70106508
15-02-2023,12.61146062,1.631399706,40.21846307,38.83276906,7.566237985,33.19501834,12.4573785,2.626411258,31.2273228,32.30720875,48.85186483
16-02-2023,38.72619322,30.90377936,35.21144553,28.23786879,38.76684285,20.32930774,36.9183919,34.82300642,38.25409394,1.656217737,16.59631014
17-02-2023,6.297982368,16.69808857,0.826144448,33.70871946,11.12757548,27.55064165,40.2918686,17.15431162,26.19464222,15.23246681,11.70980921
18-02-2023,19.80574004,46.71386109,37.03225631,8.087349379,33.72235875,18.03397354,28.73232277,12.0366165,44.64417083,19.26030617,12.04763519
19-02-2023,29.84461442,2.58765561,6.362736525,37.74083469,21.01184638,43.84902751,25.95388114,45.58389408,16.68822442,14.63084924,46.69579479
20-02-2023,35.94422487,4.643644567,39.58009314,0.392127102,26.63971676,3.119853454,0.039508367,9.78912312,16.83050265,40.40597369,47.11486196
21-02-2023,2.12275288,36.4936518,15.03979374,49.60332972,0.990376384,2.138853839,35.8192271,18.71763023,35.77036941,7.808748309,26.73282145
22-02-2023,31.7911676,0.989530988,9.784965752,39.97619889,34.13319456,39.1910428,13.86048005,11.94271675,18.74018857,0.836855553,6.350780938
23-02-2023,18.0057429,8.709128518,3.26891581,24.92821541,12.88878736,17.46238514,2.231344122,17.58302057,5.902136986,19.58810353,26.32247801
24-02-2023,17.46761471,46.61028846,32.77389819,47.34456988,8.337963333,15.48544998,11.20387224,19.5408739,22.87595199,7.684913124,48.3321472
25-02-2023,11.79325217,11.64862315,5.645152162,20.88263637,19.16031358,23.08099272,29.27180221,11.99322984,45.44770017,25.53008183,46.41877703
26-02-2023,6.118889636,19.00898444,30.820629,39.21255687,29.98266382,0.343016222,48.66358977,9.41272992,0.276173691,43.37525054,8.122310009
27-02-2023,30.05381413,46.95968183,43.14660344,34.27745895,18.1413224,13.8217893,12.01471887,6.321585328,41.69853334,45.44864269,12.32777593
28-02-2023,37.08998767,30.53211929,43.30094888,32.48809757,45.35277028,6.247966158,24.34111595,29.23911439,6.629454681,4.09217814,4.836053308
1/3/2023,20.16422967,14.10455674,43.45529431,30.69873619,26.38723492,31.83772866,29.90336097,2.190739228,30.31141768,34.03291509,4.865000137
2/3/2023,9.880440537,1.796321997,28.41541318,30.50731498,20.55802505,21.91937473,48.09591461,36.29218864,36.73911417,32.4618439,16.0307075
3/3/2023,36.8270776,31.18727179,11.36046236,32.19176514,40.09624346,34.28376812,21.30835575,37.54950769,12.64809571,17.10429474,31.2798446
4/3/2023,38.66818474,45.54800618,42.2185364,8.071119868,29.06662634,48.07060349,48.51523815,17.33332594,44.98990186,25.87472058,8.36276635
5/3/2023,0.408579373,20.98395686,41.19722981,2.88564237,48.22915663,44.4653572,28.03241558,17.91269483,21.64135328,24.80509403,21.96304659
6/3/2023,7.169014062,44.62391167,9.371201678,4.253178008,43.80763081,28.22507962,32.06443437,9.833383918,44.1360037,42.78509598,29.77762467
7/3/2023,26.22854007,13.36120993,30.12283389,48.42824294,45.35688897,11.98480205,3.311084431,10.63779575,22.66120267,16.25971857,46.75298104
8/3/2023,45.28806609,46.11915556,21.53936316,26.05839023,4.976833246,0.949727109,18.8867491,11.44220757,40.90648527,26.49560106,12.04879153
9/3/2023,15.81927924,6.311234857,12.95589243,33.51705706,2.879655026,25.72930423,15.0407108,6.12614887,38.58995315,15.22633316,27.93474423
10/3/2023,26.21940348,12.4734574,24.12128862,30.49015482,44.84678346,7.92016826,40.48739276,32.29553233,1.547629288,8.313301795,48.64140608
11/3/2023,23.57384373,7.761741609,16.37769444,32.77606148,41.15837055,8.073143376,43.50739991,9.640811681,39.66127838,39.59993374,15.86505802
12/3/2023,40.50699041,48.82229892,49.53206799,11.96013128,11.31049414,29.02565012,46.52740706,33.01450191,46.67668418,26.37310026,37.00354443
13-03-2023,7.795954769,43.61151993,34.65489949,5.021440513,44.73669279,11.88440788,6.234189539,48.12726671,41.93304285,41.08394356,30.3362105
14-03-2023,43.2668268,21.29738078,9.908701929,0.160543014,33.59804052,11.41818263,34.92405333,48.12726671,37.18940153,39.19337458,26.44153996
15-03-2023,4.580063896,42.82568105,45.15489713,23.1833556,33.95154811,37.99538366,36.91730764,44.93451435,40.29250996,14.79659996,26.99624503
16-03-2023,33.0525517,0.283981351,17.21482827,31.8473066,11.8951405,11.92768561,21.14182321,44.93451435,33.05572317,10.77108242,25.42898987
17-03-2023,4.967290979,25.73196888,33.95027089,38.38297884,19.44284085,34.43980689,29.7081235,32.23660048,44.06380932,23.17960003,32.70896374
18-03-2023,49.9182412,4.282449359,0.019851782,33.75355906,12.0536762,17.71781605,28.86206117,0.080262013,49.80747409,46.45937091,46.0450757
19-03-2023,2.755379364,49.20988111,35.96174056,29.12413929,41.17414104,36.11375978,23.57436158,36.01570035,47.51966612,3.610480611,29.93885467
20-03-2023,5.298820089,0.173282065,14.476299,17.3278494,2.475779795,31.60379067,8.991941282,17.33943356,41.47964553,13.00489053,20.19851755
21-03-2023,22.80900735,23.73934742,46.06910209,43.16640713,11.67673021,25.53826958,38.40201986,45.22214777,5.613519359,19.09906445,12.89918007
22-03-2023,34.37674846,42.48585549,21.50734091,31.64931335,38.75657008,28.36548704,12.85743108,6.479684114,33.05163384,25.19323836,34.48685002
23-03-2023,5.677757461,38.36770669,9.694833393,35.56203179,44.04091181,8.376704804,38.4810852,23.17083962,33.95055255,13.97199338,34.53481489
24-03-2023,36.64624416,19.59971644,20.71824607,0.795757233,19.60083259,27.39753589,30.94411191,14.24287724,34.84947127,19.95713976,22.42898355
25-03-2023,1.846254478,31.90561753,8.007296268,30.82627993,49.32015306,46.50245787,47.62459418,19.91778321,1.268618396,35.96083885,10.32315222
26-03-2023,2.375509689,44.21151862,15.30833736,41.83525358,40.83378023,28.6350455,35.041642,27.67100708,8.591466274,47.37002945,9.984908037
27-03-2023,27.79789814,46.34066561,22.60937846,22.30533741,28.28165737,46.31972267,38.45253402,21.54041949,16.29946397,22.95275877,24.12056048
28-03-2023,30.8349961,40.07772344,7.14995076,2.372521563,15.72953451,25.02127022,41.86342604,1.833829341,30.67293581,0.273376835,11.90887286
29-03-2023,23.68775781,8.236629328,31.97782548,0.325582863,49.68981062,47.68207573,49.63978584,25.69397122,28.26260755,31.94301074,15.63125784
30-03-2023,39.70051691,26.40779411,14.19932411,2.348193389,30.2287489,7.67371351,36.4249863,10.52710631,25.85227929,49.7901454,21.67769989
31-03-2023,44.21085206,17.57848029,11.37396368,47.98879898,32.81321211,14.48712989,0.136831013,38.78730288,0.778564919,25.96003596,39.48974483
1/4/2023,29.42470596,8.749166482,7.970958943,36.17847525,17.30574337,46.98795593,39.82098327,29.14643611,24.69615191,2.129926528,29.54229826
2/4/2023,23.66734503,38.99647758,41.98866244,38.27053675,0.365042773,9.765188709,8.676789745,17.65021775,26.63423003,17.64159503,39.1781513
3/4/2023,11.54684425,6.646192819,22.57744617,14.62558396,7.742817574,2.3415313,8.522330218,41.44282381,46.1513354,26.03461819,12.60253405
4/4/2023,21.56466919,43.44643129,38.8311377,13.62592411,8.266645889,34.36644898,3.236240241,32.45470199,27.74518517,16.73416787,46.04085735
5/4/2023,7.097178002,14.31062976,39.11670829,23.42016852,8.790474203,27.22250711,49.06504077,39.31375385,21.823725,23.19734845,43.01778381
6/4/2023,11.19438756,31.60789318,42.50273111,33.21441292,45.27804009,44.23710103,16.79575958,10.19918774,35.98693312,24.44127463,39.99471028
7/4/2023,42.00872238,19.06504278,18.99749244,21.49887958,34.21030882,24.26298432,47.40784299,30.73974487,40.88877445,36.71043399,34.23824089
8/4/2023,4.66521422,45.97322669,30.85017514,15.21093899,11.74089697,40.00542481,21.10893809,24.45056933,34.46693056,4.209266225,23.0113074
9/4/2023,49.9898981,23.1651327,42.70285785,12.26458853,14.25467613,4.852867189,10.24929382,36.44965966,24.37685777,9.497235447,21.42350508
10/4/2023,33.01962193,1.587490192,35.74031758,40.20510562,21.05363458,19.23098965,31.18883207,21.43578768,23.70176041,2.67817947,28.83601331
11/4/2023,35.82425357,48.88044645,34.08031905,14.48800182,27.12193341,26.35612736,45.91375325,24.12830438,2.005949608,45.90775187,31.08953332
12/4/2023,49.02433382,33.62603813,9.779916532,12.80954184,17.8354977,34.35264824,31.37798065,9.279177056,28.23802738,30.93797738,18.12500105
13-04-2023,7.191160634,16.32049331,6.6455602,23.91056418,15.61503883,15.99512297,19.26521373,10.925035,44.01429102,4.201622747,28.0571182
14-04-2023,41.83648025,35.34279505,17.3589362,1.735254756,15.22475154,16.56888312,0.914064401,10.93346549,47.03875682,5.992813301,38.95400677
15-04-2023,3.854841214,42.00723347,32.4723379,26.59873896,13.59148779,15.45217591,6.147785984,7.182704225,46.73970808,22.98055552,30.85987481
16-04-2023,35.72840097,37.54734854,41.25545302,47.76305801,27.85418214,28.71265421,42.37112143,1.371624806,4.037808666,8.098453996,12.28633402
17-04-2023,2.433288829,49.44718204,28.90666233,25.84249844,9.446770532,26.76511095,14.38762325,47.04296907,37.99371005,14.01807969,10.00609844
18-04-2023,38.23755703,26.90628749,28.61791451,11.00461672,18.5278732,34.74171204,28.57162566,38.77459629,3.168742231,7.687536809,37.61519378
19-04-2023,42.20738276,25.53198817,42.0769914,21.27087077,42.31328237,35.72523626,4.714101822,14.38990679,30.02544661,39.51571614,19.8081429
20-04-2023,20.55730232,31.36913731,21.3268278,1.939109405,47.50015618,22.05857596,32.33079573,29.6333755,1.728431813,13.8314458,38.62197872
21-04-2023,1.548174331,37.20628644,37.67765715,26.01560644,33.35580295,37.52641659,33.2315571,28.51176587,39.03027004,4.9784402,23.45541289
22-04-2023,29.54758073,30.25612603,18.22224421,14.17035545,22.37035095,42.59703708,34.13231846,11.24309239,27.83214733,31.99073344,8.288847056
23-04-2023,24.17718768,40.95839118,43.1821437,13.28400084,3.246940397,43.59958824,43.8173311,22.94756155,9.011505176,6.932127337,49.09871466
24-04-2023,37.62945438,48.82427508,17.48940569,12.39764623,13.79010196,28.48080708,27.53346757,36.59313032,21.43284525,21.56876671,5.987983065
25-04-2023,2.448830033,36.24033043,31.37885347,41.24691128,12.56762242,29.22153977,35.00736286,29.33059876,1.638261253,42.33612496,10.40914361
26-04-2023,14.37171347,20.20117101,1.733390252,0.699450843,44.87498354,32.69881074,45.22261753,28.29711321,7.767637433,45.69209281,14.83030415
27-04-2023,4.310657358,34.76374121,27.12944477,34.2080934,14.40900078,25.19284144,40.48584655,2.259413059,16.2756189,30.18980348,8.660566122
28-04-2023,36.87823904,19.58319915,18.15605049,46.63789084,13.74949213,11.85064059,7.973373925,18.22389552,37.56067513,39.04069881,10.13742925
29-04-2023,31.44404058,7.101784057,27.38481729,4.309671431,33.063927,43.164291,45.71180845,30.07395228,43.78813308,5.973889339,34.20838703
30-04-2023,1.99428809,13.05859355,10.88088485,15.12008768,26.65019017,9.545880737,17.62330392,6.534842773,0.0544418,27.56060108,42.15678647
1/5/2023,2.124852042,30.24780311,18.84560289,22.91237807,11.19203553,3.809000494,45.87874396,47.33493581,33.30109306,13.69546745,19.98502043
2/5/2023,12.43194989,21.12966241,15.54330306,24.11585927,45.23194726,31.35641567,21.68041566,44.40903132,8.271279367,24.1342815,13.26101186
3/5/2023,13.46404861,26.71473264,22.29264508,28.55594702,36.0901143,43.0822222,34.00950663,27.06644818,0.263994276,34.01393877,38.03397455
4/5/2023,45.0415136,26.06133645,15.42265723,6.123123447,32.90891672,27.38637679,18.1701998,0.759951429,17.92085703,32.59716985,39.58881187
5/5/2023,9.401627517,41.68797381,16.52951391,40.68068535,27.54623788,6.706929738,37.48802532,19.66870947,15.42145918,25.48987039,41.14364918
6/5/2023,19.04936027,45.13903789,12.6388291,45.75372986,22.18355903,9.197839982,19.65277643,38.57746751,23.99806807,30.43396459,43.81951478
7/5/2023,21.75499983,48.59010196,29.46406554,48.98334694,5.891304945,44.78744865,12.90940746,44.33222482,34.6526612,29.51017946,25.80666808
8/5/2023,17.96918004,40.14196573,18.82078802,28.32665618,14.27236618,34.21954553,30.95536923,9.873301705,47.30822569,3.418185311,19.22813377
9/5/2023,3.382650303,11.18216258,12.41987904,40.28852765,25.06555956,15.13655564,14.23770953,41.70402148,12.62796085,30.71067728,17.767755
10/5/2023,40.52363273,40.79699198,38.09516377,49.49531435,28.12924302,25.79850258,9.795689696,32.05203805,28.77701153,16.45584717,9.09273052
11/5/2023,37.28215265,22.01373923,12.94092674,48.91268226,27.46395241,28.7823507,0.351008124,11.45970852,5.513342383,20.77306874,36.37696987
12/5/2023,45.54539159,22.03257392,13.64305748,20.18815051,18.79153627,2.233503155,15.90667509,11.76537945,3.877518318,26.72002334,26.92336536
13-05-2023,34.23780832,15.54847058,33.15547894,26.34645975,2.728046123,32.82208869,21.33348179,10.34950354,24.26906935,39.67264254,28.42832115
14-05-2023,49.11842895,20.76051672,39.51091735,4.787708204,23.90227217,3.051184346,14.4360728,19.41268087,35.7035178,12.40429938,29.10829777
15-05-2023,6.579292948,40.92478784,17.16896754,40.98380219,7.986192484,41.66702623,29.94560638,10.92324992,4.714628041,20.41897404,47.41368823
16-05-2023,12.62173941,31.91888955,49.13721934,1.460528954,31.68098775,11.34599697,17.32124789,3.81740083,7.679404516,32.24279561,11.02488733
17-05-2023,8.765969368,13.96500923,27.84742501,37.21702221,36.29755546,14.50768185,48.53285927,42.25164436,8.886488461,34.36144222,7.285701748
18-05-2023,34.74116716,28.36999984,29.81414052,43.46047679,34.09277359,8.095925225,42.37031267,42.6224433,19.16708874,6.215379842,47.3655128
19-05-2023,37.87605968,10.64406121,24.89575178,32.56247128,27.21172877,27.58217416,3.894398035,34.8308433,36.79520808,3.302093679,30.77386451
20-05-2023,30.69310368,35.65091104,26.27553559,24.52677854,5.090514455,21.47292468,28.66173748,36.31615567,22.53201481,7.717244543,47.67164859
21-05-2023,30.13482881,23.79332908,27.6553194,27.08805198,29.55106979,43.85901385,3.930048873,39.32613697,17.44175138,16.15353583,45.42672409
22-05-2023,49.57945944,37.62742102,43.87552895,15.41448769,35.06003936,18.71680036,10.88521347,11.54760943,44.02197676,6.845641306,49.86183931
23-05-2023,11.72482643,30.53719229,10.25779848,19.52060776,10.42164862,0.331537081,17.84037806,29.71562718,9.975115418,22.63475767,18.34353533
24-05-2023,12.54253244,18.76662579,40.4981057,20.08817943,20.61767836,23.95547261,11.46843256,40.87632647,44.17320637,6.269473042,48.89895982
25-05-2023,10.00216568,12.26922894,40.54245433,28.28672311,38.55400038,47.21941076,4.182022448,11.03985704,12.56968337,34.51483076,5.044190203
26-05-2023,46.71667875,29.12750131,10.20546599,47.23118779,26.07381589,42.27212288,18.65861418,48.11641917,37.10961904,24.97996077,35.15657125
27-05-2023,43.15771466,49.76865763,15.5716996,36.41902528,47.40045726,40.59306173,17.36400339,35.49337833,16.99456283,22.2180956,28.92844514
28-05-2023,39.59875057,28.4282044,20.93793321,49.38855034,3.909637934,47.80090836,16.06939261,22.8703375,26.29104626,43.08421023,38.64134762
29-05-2023,37.85416371,7.087751172,37.20111098,48.50673688,31.53661948,17.72623601,23.47157547,19.73673096,35.58752968,5.53296578,44.85596792
30-05-2023,16.90645425,9.002715319,6.220659342,38.76117512,12.70891235,45.00539766,45.12422998,33.89669756,31.46337731,19.32571726,41.62210119
31-05-2023,7.093674975,40.21420711,2.00361167,14.47821346,13.05963253,10.99000475,31.85796923,48.05666416,5.827247145,0.96900046,37.34749829
1/6/2023,11.62024438,31.46268562,35.70780602,3.015185434,33.58799221,23.98085224,24.02140175,7.512105069,13.1286808,14.27489833,29.54090801
2/6/2023,22.42492335,5.561650528,32.23651356,27.41606187,48.82896636,36.97169972,28.40820731,26.17270663,2.375793254,16.58980529,20.45717894
3/6/2023,38.06087074,39.94915796,15.63081335,39.88262051,37.67197685,38.3143437,34.35539844,10.05945356,34.23187934,33.92535943,45.95038074
4/6/2023,31.81338383,18.32684449,27.27458962,11.39629694,29.28782079,27.91883267,15.1052423,9.407917492,29.14156781,6.254942126,20.91265552
5/6/2023,46.21016546,16.88788954,38.91836588,32.13121512,30.3832854,9.335581232,15.62159784,37.95257746,6.059148427,27.73365173,7.221514622
6/6/2023,9.410717647,4.694475424,1.853058524,39.96106659,24.23848049,30.25799608,31.06360762,47.50446271,7.948079214,19.76411626,3.374041123
7/6/2023,6.463306858,3.827540461,35.59245281,37.61065026,32.66393051,24.65725692,21.14716591,36.68564538,49.12362491,9.195082944,46.23641056
8/6/2023,46.87482597,12.92385493,0.032555304,35.26023394,10.28060854,19.05651776,11.23072421,16.21975515,29.64121729,47.68943311,16.71584574
9/6/2023,4.085896534,21.15708992,36.42923129,36.87067989,30.55269172,36.68720897,13.89938896,28.40187527,13.86199654,15.25710317,36.88855833
10/6/2023,4.790807647,41.92552801,8.778792906,43.89764011,30.78984473,9.420808618,49.8610144,19.39393888,25.3119849,13.01850383,6.416240805
11/6/2023,38.2445228,27.80491956,18.91504229,2.409123171,9.934474092,7.813132815,7.394095851,15.46072839,20.96431825,3.025928902,11.18941561
12/6/2023,39.00694418,13.6843111,32.9919234,9.839159758,38.39882206,6.205457013,11.67782653,48.86440583,2.263080604,28.30308944,44.2680109
13-06-2023,0.718234488,46.75375131,12.06558707,49.19593717,14.41987638,5.997367202,7.8456775,14.69767035,0.003305659,26.98053401,27.28454425
14-06-2023,45.63037086,10.7942915,31.60574312,40.913182,3.85678845,26.69271114,44.12177373,11.96499964,1.120043561,18.23294658,33.06453139
15-06-2023,21.510685,35.423301,39.60508662,44.57767479,35.99686282,45.89585923,41.78163043,4.706880992,44.46591805,41.84207429,14.6422067
16-06-2023,40.51436017,21.67492915,23.7145379,10.23454346,11.32891022,5.946523693,33.88237046,47.10434077,35.63800547,10.79686681,12.09858063
17-06-2023,3.86029658,39.18938766,29.90754287,14.8485932,46.06005255,23.93279496,25.94521172,15.58574037,31.47394759,5.239963122,40.1022952
18-06-2023,5.357957149,38.73211006,44.74667876,0.548124529,44.25576667,28.45508298,2.613083027,18.596672,27.30988971,6.644740546,19.16825773
19-06-2023,0.911707726,37.01088745,43.70672598,16.26685255,29.31879159,13.70111803,14.18200822,37.62899703,30.18760549,16.27789237,8.534429882
20-06-2023,15.26057077,21.86751618,11.30477844,31.98558058,30.87142279,19.21631403,31.51483313,47.21972296,22.57680891,13.89112676,32.6550738
21-06-2023,37.96192374,22.80339232,42.14708206,27.05882524,39.95689802,49.77485572,42.40416867,7.18088818,0.113747966,17.11802724,19.6640229
22-06-2023,16.86948011,35.44568152,40.38780987,29.79759654,48.20805344,47.05371944,25.31722791,12.77673305,49.49416927,32.32587436,44.97323548
23-06-2023,17.4734168,25.50122634,48.37227684,34.07029879,15.42320103,2.800958015,20.30717212,35.40587425,39.7826241,47.53372148,27.8690054
24-06-2023,18.07735349,18.12858314,12.40658026,41.7207594,42.75651982,21.537964,16.8132422,24.99253208,37.81264611,33.97176349,10.76477532
25-06-2023,1.703768555,25.29748024,6.906943385,5.934628964,45.48833482,10.41125396,12.31818996,46.34003912,1.618804293,39.18127316,21.59528742
26-06-2023,6.456881524,49.1554497,16.94197845,4.381608331,19.22148941,36.60345715,47.09097017,18.62022823,29.5811573,40.44207089,32.42579951
27-06-2023,6.456881524,34.18781195,23.40388875,20.71583438,18.43750529,40.97787528,42.65677142,18.62022823,33.59105445,17.70798869,34.54735137
28-06-2023,44.27733903,17.0952932,29.51577743,10.68448572,11.92958189,8.679482025,2.582144307,29.68928321,45.66517614,42.78290747,39.67650792
29-06-2023,44.27733903,15.33848587,30.48125992,10.7438003,36.71086155,2.842991539,41.98191724,29.68928321,19.25903738,31.31285223,27.07532501
30-06-2023,35.47597927,43.65175746,35.84370813,40.06558914,35.43432455,5.462008933,17.29206815,49.47245898,31.22970401,19.82574028,43.00526868
1/7/2023,10.21534495,43.07595789,8.690902288,46.11218214,20.13744372,47.69998695,6.515178491,26.73667041,43.20037063,14.44837386,40.1591492
2/7/2023,7.440061037,17.99360486,42.39229563,19.83217852,25.59014217,34.71160008,43.07529302,4.000881828,7.120877582,44.78426937,4.226682521
3/7/2023,9.048581003,14.4260531,33.23159699,30.0744989,8.161465801,24.48239724,28.28655708,8.965853189,3.910690355,45.64126303,18.3543345
4/7/2023,6.346164622,21.40912397,24.07089835,5.493885442,12.98486463,38.92003653,26.59792064,35.57197465,0.843521485,10.84053203,31.12297753
5/7/2023,5.630861333,8.413768717,47.66681953,46.552203,5.762108455,33.99422044,8.969016891,32.42541414,11.05539835,22.86845037,40.37478021
6/7/2023,44.59496854,17.82958695,41.85191659,11.274879,20.1011297,28.61352442,38.05536345,29.27885362,38.25577302,30.28730612,17.93265926
7/7/2023,22.52035674,42.30030727,28.47731185,34.67697952,6.149820542,19.90813842,7.731366079,6.656828415,34.46813405,9.441162247,11.16935735
8/7/2023,15.62028442,39.49119358,3.856509892,27.19411312,34.9730932,10.77998193,9.700297734,9.281854891,39.81562816,19.88252128,32.44989278
9/7/2023,26.85486676,15.33329683,40.13371971,10.50880006,30.33100818,32.83123069,11.66922939,19.03030694,45.16312227,38.64677178,25.23317396
10/7/2023,12.38248252,33.61873086,15.27657744,18.36044593,30.00661483,20.73906454,27.74298309,47.34781323,21.66690601,14.63506048,14.17948475
11/7/2023,20.69041128,2.81438574,24.12307794,28.062264,28.30572026,22.86797699,43.81673678,5.743843402,7.377071979,39.25625823,24.15268546
12/7/2023,18.79050948,13.10041168,32.96957845,4.749770859,12.19150873,42.26895917,1.676920655,11.27695328,29.1943808,27.74254986,45.54872808
13-07-2023,31.615154,23.38643762,5.828527031,8.528312602,23.43395482,39.8492291,44.73216734,41.80776942,33.45499772,49.13562882,27.78127348
14-07-2023,36.61567485,2.168557263,25.61490616,9.510420523,10.76767956,1.422602603,11.53497828,4.473028363,30.29678265,17.1234367,42.74298765
15-07-2023,17.5126887,2.316224242,28.17550914,10.49252844,16.02008915,15.38663104,27.11706438,18.46849065,36.68341699,23.10279073,12.06198278
16-07-2023,26.85391118,25.77314978,43.46663312,1.933391191,4.262481715,46.90458959,0.439585168,43.51125677,5.440657293,16.50773319,19.41075071
17-07-2023,30.22201631,21.23519373,35.32328311,37.88630077,28.04448353,34.77538388,33.05211191,46.34828015,2.832788849,2.671444252,44.34428252
18-07-2023,37.59460428,48.52723586,20.99997515,28.46896087,32.71195054,5.550497222,13.11065736,12.34402231,13.81653811,18.24209317,41.90321796
19-07-2023,26.77054192,32.24737197,43.92270695,32.60314984,37.37941755,1.218093096,24.34105594,35.02744989,24.80028736,46.60196489,35.24575693
20-07-2023,22.13652733,19.90474086,37.8473991,48.6438516,20.20322854,1.86072048,1.90767033,33.41784118,16.47943645,46.87227032,21.77051093
21-07-2023,33.70946914,23.02367344,20.67634978,23.97445381,11.07228064,19.27840396,1.90767033,34.63704155,42.67414164,46.54382965,27.23177211
22-07-2023,22.86706499,27.71787658,18.27949577,1.292984167,25.63190652,25.37135978,28.68795269,37.41663539,21.67417967,33.47485411,21.20717854
23-07-2023,19.08583154,29.86983582,44.5897722,7.379298557,45.31025403,0.869731146,28.68795269,40.19622924,35.197557,38.04820824,34.69627926
24-07-2023,8.88607418,35.73351839,40.36632794,16.89042118,13.44560896,8.044216418,7.770762745,40.81944481,48.72093434,21.28880724,39.12669645
25-07-2023,25.61588966,42.51718681,21.05776457,3.476684871,24.37612854,36.94161394,15.44501906,41.97943064,0.553604862,37.16204615,3.148315862
26-07-2023,29.71246032,25.78420794,27.37952139,5.54330277,44.99157884,27.97455054,6.182947149,38.38486495,35.92102003,28.80018678,40.12580156
27-07-2023,33.37393427,26.93113051,11.19533654,47.11913766,48.04903693,33.17516112,12.37705324,29.68319432,2.871539123,48.43588565,17.89631698
28-07-2023,2.866218028,1.953150637,12.58760538,43.04323776,38.58427553,38.44464546,17.23377009,21.68841585,20.40076354,27.26568791,47.25669446
29-07-2023,46.21889548,34.13493517,1.929369783,33.36058228,48.57462385,49.25172638,23.8798278,30.57031043,0.591229011,12.09475685,11.655192
30-07-2023,42.78308101,48.43161218,29.90473481,18.43714894,30.009834,18.28648173,13.4570778,4.755539926,6.291028085,7.381467581,16.83922102
31-07-2023,11.90585859,9.523878208,23.02898806,43.11719689,39.43704692,27.10874897,35.83045985,38.7217783,14.85926817,13.89413167,42.50459086
1/8/2023,29.89905601,38.93901034,40.24143318,42.38487438,37.47305365,9.42195257,45.88170364,11.90191112,41.72126753,40.20505932,35.6003009
2/8/2023,39.06358942,35.17244365,22.19192142,41.65255186,41.0108409,22.87918223,20.29672289,1.296820098,8.429408176,9.174464566,1.664320535
3/8/2023,31.96993216,3.64645206,33.0735367,13.7026598,16.96637388,33.02155431,6.192739247,29.35046764,36.00572954,4.179685737,18.39835942
4/8/2023,40.24152005,11.86432623,42.33979358,34.66619022,2.258240056,43.16392638,0.642119316,1.626706752,7.143618674,5.276376098,19.69628983
5/8/2023,39.87627674,29.38239214,9.590168671,20.86101144,36.54413026,21.43874775,31.93087904,5.485278694,18.38770658,26.27652211,26.85711773
6/8/2023,4.27560234,23.69565845,23.20995301,39.01240619,11.38868324,15.80625852,25.9634532,24.92106951,29.63179449,1.67493615,42.46125087
7/8/2023,3.473551212,22.91027575,16.17219111,1.130175568,5.33905285,38.73650204,34.47093801,44.18278474,16.38826207,7.012788644,23.26369116
8/8/2023,31.84286317,40.42585313,9.1344292,8.382874379,17.25201713,22.66543809,21.03371704,34.63531634,42.25000243,23.71707044,32.77889971
9/8/2023,6.261232579,4.437082434,46.44095952,27.84108029,19.67895254,37.59769856,35.61866664,3.396086618,44.23809269,12.32268225,18.8720774
10/8/2023,20.7976837,28.36967984,10.52637637,24.32427931,29.9674852,17.45083438,40.02914393,28.71122677,9.940179534,33.01101064,40.47655549
11/8/2023,28.42952331,31.03249013,48.06885311,20.80747833,41.65834498,40.00391575,33.95449219,3.232735182,48.9124914,7.363028239,10.4160167
12/8/2023,32.49462392,2.234290088,41.1623676,21.44243716,16.4763635,42.88110036,27.87984045,28.41865433,44.08268818,19.89478454,38.84500423
13-08-2023,0.959315959,36.39047404,18.98805114,31.18360196,42.57058786,8.762172571,46.99313142,5.70616596,29.27910185,40.24184665,5.783667046
14-08-2023,3.91374092,31.33573595,16.70683769,29.88660207,24.03553826,24.70033013,3.807327891,49.83965652,21.81006671,0.554373019,0.187638428
15-08-2023,6.868165881,29.11035253,18.14299979,31.37159784,20.79247656,29.50241537,39.61655272,29.24977734,37.28861655,21.86000455,39.78202902
16-08-2023,10.61116312,12.77653636,19.57916189,21.18602485,17.60406497,11.65137349,47.96446695,43.46912944,17.51581737,25.66148445,6.118883158
17-08-2023,5.315339362,47.61531972,36.2888734,5.142622672,20.0973001,47.94444513,1.655602393,25.69309176,21.19473467,38.24235358,45.38890241
18-08-2023,15.64180345,12.8191743,25.76110244,26.77492982,32.73605247,12.27461821,21.88188475,14.19646306,16.64095902,34.26003433,38.51955033
19-08-2023,45.15360002,42.4613316,0.75481772,21.77113044,20.06357798,0.773279631,14.94658062,14.19646306,37.94403195,30.91326614,7.132197919
20-08-2023,24.19929481,15.6892574,12.92207383,36.01163699,1.31083058,24.47110563,8.011276496,3.138829559,41.12497775,40.95731906,37.70444102
21-08-2023,12.07080172,12.45107977,13.48853962,31.86268415,12.13267502,20.17412853,1.624393713,3.138829559,31.18741341,44.86483642,0.317364832
22-08-2023,16.48090707,37.00686589,24.36455262,27.71373131,6.806256416,16.94953724,28.26279836,1.828108223,45.84117062,48.77235377,32.8621751
23-08-2023,29.07832325,34.78312626,19.71693812,36.19577984,25.22295803,41.06745959,22.38760239,13.16527238,6.252221002,29.24779114,25.59334279
24-08-2023,31.86148682,6.633809864,15.06932361,19.88911283,30.12511857,39.70477631,33.04912778,43.67718776,18.27124879,44.91577218,18.32451049
25-08-2023,31.06976197,0.331069393,37.62121269,10.34141393,24.60799963,36.09116731,27.20077521,19.8235786,40.19156601,38.24296129,6.055474642
26-08-2023,30.27803711,17.89291191,20.12709841,11.63922549,43.61038951,32.47755832,35.26839292,21.59024529,24.14186361,31.57015039,9.657046533
27-08-2023,19.93505075,29.31882448,32.79264506,37.01585855,22.20055772,42.20899047,3.256677646,42.3333528,41.49901974,13.36731439,29.47494306
28-08-2023,20.42012684,1.506813599,29.82061672,19.83278148,34.37205764,7.059562922,41.7755737,31.79290037,1.18100965,0.243359512,35.01529889
29-08-2023,0.318628692,45.17651212,26.62181222,38.24258408,17.30395878,21.01769135,29.43303126,19.17881905,9.308017617,41.03654485,40.55565472
30-08-2023,49.25550067,28.31185146,36.01197687,24.96045955,28.18683629,36.19074705,13.47396338,6.564737725,33.72077588,46.66717423,37.7188794
31-08-2023,35.02333952,36.5888683,44.51379865,18.44382621,13.40904299,13.21865958,7.748376993,37.2903565,3.331667785,22.82342993,44.14318436
1/9/2023,20.79117837,12.26848471,45.03896287,32.42932388,20.82253137,25.67998946,28.72367024,23.06789031,11.16653896,19.66001595,36.50360748
2/9/2023,1.590724946,38.90827698,39.91907863,34.83579639,38.02383447,17.15237175,17.04949605,25.54162986,11.33008146,16.49660198,6.794675396
3/9/2023,39.18299738,44.56124952,35.79926182,15.92583015,2.030194869,22.68784183,49.73662209,31.38868341,22.77248835,15.79076902,34.93006787
4/9/2023,33.90034782,30.42676977,30.93101783,16.46867688,38.53470691,0.228868177,47.29058274,10.8488037,34.21489523,39.96680853,26.11664234
5/9/2023,28.61769826,28.5525499,46.85289908,6.098469904,48.06239704,35.12973603,44.84454338,0.887481484,22.68303569,4.299364752,28.35170368
6/9/2023,33.46412142,21.59142933,7.945184437,3.757763781,11.79293035,46.9759937,43.72179675,27.53561469,24.46581503,42.56477634,19.18127448
7/9/2023,24.10253946,21.59142933,44.16170606,44.26513165,43.57201915,15.5776036,14.41398742,3.410708585,26.24859438,34.1682879,32.3303426
8/9/2023,9.535087155,19.64362935,23.94547538,27.22012796,37.49085062,29.60532864,8.237551039,0.591746045,27.0361582,20.57174444,3.519227278
9/9/2023,7.869588678,19.64362935,23.40366208,10.17512428,17.84107533,22.72281815,0.008274129,35.19724235,21.1401478,22.57583699,36.93640128
10/9/2023,22.58240491,46.20249966,27.58891629,17.68358983,3.288001986,45.22805512,29.51239904,41.31879743,1.478455631,16.36484497,43.07435961
11/9/2023,21.07048282,40.52099327,0.058216915,7.043309571,2.209726433,43.5951369,4.683701362,35.58830051,7.638844272,17.52392205,47.63104139
12/9/2023,41.00423964,3.606258873,49.6996924,13.64666357,36.89106848,0.911415135,23.0337938,29.8578036,1.142611591,9.068714755,2.777417115
13-09-2023,48.97832772,17.23637473,8.891781495,44.2368359,8.943977902,7.028894299,47.75211191,30.08057037,25.97570125,24.20600918,2.451338205
14-09-2023,35.39546865,29.9190207,14.95303151,11.4077231,41.24095153,13.14637346,33.67192703,30.30333715,3.760529892,25.62421907,47.39838363
15-09-2023,27.38557611,38.90385557,39.33119498,0.367817221,29.13958732,23.13483177,14.24647093,39.44263829,6.735153458,27.04242895,7.517292638
16-09-2023,15.16556382,41.65486826,6.299558536,16.99168942,13.5687195,28.12867546,41.57447525,2.812510827,37.24856585,41.02605172,18.1397783
17-09-2023,35.51692383,10.14472016,23.15738123,31.84505936,34.72150261,19.55535633,36.14216675,0.884485129,49.81424806,6.731943665,10.75500792
18-09-2023,28.58331869,27.90452896,22.42360658,43.31515775,25.7103584,25.79336768,30.70985825,0.679907357,11.38593352,0.134656118,42.93352373
19-09-2023,39.55100319,48.97808468,48.9477966,43.71839733,32.84480148,34.76906645,29.64970279,30.83081128,42.61478871,9.718935199,44.5208376
20-09-2023,3.480154305,27.68682164,7.284282157,34.0048995,7.696799173,38.27035067,21.8169908,34.52236206,22.72682148,8.840046737,25.81369617
21-09-2023,16.77726149,8.597052155,7.333560247,27.31239605,3.885576927,16.12713036,18.59355806,14.7133002,2.838854246,37.96816,30.51198479
22-09-2023,21.6102794,45.3814784,32.7643952,44.97184727,9.812434072,27.3637245,32.30383055,12.89389386,47.93998443,27.41912704,45.59506089
23-09-2023,13.04517235,7.759532026,42.02926971,40.4097404,11.05751446,34.46657803,16.31089448,45.02302294,19.51915307,35.20290833,36.53544952
24-09-2023,7.845764343,40.38331731,9.400421819,17.92831691,38.38956723,49.58250785,40.73367021,30.17470675,37.0306221,5.485548864,33.40173431
25-09-2023,30.60518259,26.63864096,20.5097846,45.89603289,39.05338962,30.96676087,23.8311945,19.04948036,13.14541877,45.91377088,24.68913579
26-09-2023,1.165293013,17.62498822,22.8393644,24.34931947,38.20139769,21.88011716,6.9287188,3.708650074,2.585785289,47.90021986,27.30675896
27-09-2023,49.36220677,7.06304505,18.20972522,46.4441828,19.31442448,15.98947709,17.77364879,25.61707015,26.28401029,30.78524856,29.47871033
28-09-2023,31.8668346,38.03537884,28.32180715,5.457628315,16.82294863,28.36919639,21.48983053,4.721178933,49.98223529,13.67027726,0.166381481
29-09-2023,23.93035635,6.063341006,37.1682761,16.5437088,14.33147278,19.17793625,37.80941176,33.92853036,29.25462231,14.80831222,41.32051945
30-09-2023,32.48420922,17.5374027,25.66005702,23.02291586,0.604637128,12.69693606,8.990942524,38.81251131,27.49012223,1.915465423,16.85101552
1/10/2023,41.03806209,49.1692539,18.17173563,5.665861351,40.73944195,0.895358035,9.398373842,7.105874558,20.79878529,0.773365041,41.32167096
2/10/2023,37.60224817,25.01653492,9.691654239,10.97153034,25.04311525,26.36845593,11.03739369,4.947285325,9.843290728,47.98287578,20.75069515
3/10/2023,40.80476788,40.69962313,25.14153541,36.79599295,43.49718413,15.79683995,36.61510567,17.6065537,21.88194195,9.684311182,0.179719344
4/10/2023,35.61125333,9.137912193,43.02644312,31.88037734,45.0899511,25.18215258,20.94585127,18.62186881,39.49670582,10.83946715,34.15701253
5/10/2023,13.41531652,38.46167606,36.9655659,27.36645775,10.16324209,0.850381458,16.64181755,26.26515568,7.44025381,10.84656196,29.81094203
6/10/2023,30.18777013,28.38657714,44.84658849,37.85512944,7.568316756,47.50295434,35.17443301,25.08405696,1.807327603,20.43549861,25.46487152
7/10/2023,19.27330464,7.43088084,36.38455421,37.24250927,4.973391421,27.898314,15.90095005,23.90295823,1.076638496,47.35659092,32.02871983
8/10/2023,37.18029381,6.187538285,44.58063758,36.62988909,16.44952015,35.65012007,33.74481847,28.90787266,23.18719912,42.06846669,7.472441558
9/10/2023,48.02329105,8.798284119,49.95746909,40.96815046,12.20044922,11.1301826,41.74689349,42.44058003,15.59246405,9.419347284,33.05727887
10/10/2023,28.26810123,15.8458603,6.756453495,20.6856902,7.625681819,41.1134381,16.57811731,27.44574861,42.60117601,23.12755792,40.65804775
11/10/2023,32.19570707,22.89343649,16.26464691,0.403229934,11.43196952,20.93220086,9.466374259,48.38926243,17.22430304,42.64585243,11.33702868
12/10/2023,29.89821541,11.53394653,1.263823501,25.63134355,20.11017072,27.28567423,10.18281491,38.01114662,32.5455644,18.26676688,38.76375926
13-10-2023,20.81419948,22.3390013,33.61829446,46.70960033,30.27033679,38.32682456,16.26567969,43.25675382,32.50851624,9.275028796,49.26619609
14-10-2023,46.60748389,33.14405606,4.461161436,18.19926284,1.257806344,4.168160433,37.33937688,35.2063253,34.23052008,0.283290708,10.97109367
15-10-2023,46.82613498,19.24792427,39.18383389,20.79612331,4.786141835,11.0183177,34.69290258,49.48342747,36.07474813,3.174798536,49.6677391
16-10-2023,42.27154203,40.04431167,46.09600058,30.90949361,8.947745471,3.916152405,34.62289164,28.14096891,8.378725679,43.96863756,43.68983705
17-10-2023,35.84823655,22.05707644,31.37845555,41.02286391,37.35678708,38.09525439,44.87902121,38.28738133,28.97762117,24.94020199,8.352475246
18-10-2023,48.60781874,42.29122162,9.365995353,14.71292992,4.30659818,20.07621475,27.1878822,30.43809369,20.72135781,45.03690243,23.91610452
19-10-2023,24.70760308,48.30515755,36.13359218,32.17400085,44.25416536,18.27903381,3.191743943,25.93050209,9.388084672,17.47420608,16.0116671
20-10-2023,42.30993937,6.382095766,8.307385937,12.92999532,39.1192685,26.36973485,35.02462377,21.42291048,26.42625347,18.81814395,9.984459744
21-10-2023,47.6303124,23.26796085,35.42789242,16.65374664,10.45926446,2.506583976,49.68770903,43.29296205,11.82763293,19.52926143,9.269558682
22-10-2023,29.18052697,45.2038135,43.80575552,35.24749038,5.576226287,13.718516,43.92642728,12.16360422,6.971762261,20.2403789,11.07399501
23-10-2023,35.97251533,26.53857588,5.395948572,41.54568782,13.40552682,12.93149354,24.19093244,43.1828709,23.64125722,21.22844625,12.87843135
24-10-2023,24.14028741,38.61560774,14.90594756,0.164535679,29.18578775,44.62656911,7.253228694,48.60082401,5.927884926,29.50597153,45.36737633
25-10-2023,14.7464381,7.255123433,35.85839178,46.4471983,44.96604869,23.4468209,46.87632986,13.20575522,48.82672209,37.78349681,49.97030207
26-10-2023,0.369439365,36.47952949,19.29072567,9.993953176,15.40338737,13.58210605,39.35866796,35.27816858,47.95478469,2.602761305,11.95709538
27-10-2023,44.99634446,3.269952094,39.17578195,26.03186288,22.2202653,48.709772,21.15243041,18.24885275,44.69107294,5.592723544,17.47539085
28-10-2023,28.52655844,5.433622712,1.676903522,22.98628898,1.789201178,31.84021377,0.065262852,27.71712109,32.84455827,30.06442708,22.21951879
29-10-2023,26.35484316,26.98495405,14.62273426,47.402388,11.8138075,21.27997484,14.00766274,14.52738454,20.99804359,20.60602244,33.46416245
30-10-2023,45.33729353,26.20597545,2.100944434,46.29579645,28.43507743,17.24314977,7.566724567,16.26403718,41.32150019,13.45907493,26.42602753
31-10-2023,35.15527157,47.2489383,26.35520574,19.69609311,45.05634735,34.87842002,1.125786398,0.318937932,37.15231762,45.79167347,27.78487993
1/11/2023,28.56470759,17.89365362,34.52891888,10.04606477,20.31745983,38.54915323,45.53063886,33.64710349,32.1642283,27.83025573,14.14224513
2/11/2023,21.31577235,38.22375474,46.0820866,12.01594569,2.018279673,17.38407375,1.453872172,8.851477723,6.862844084,43.49716908,48.325386
3/11/2023,31.98630224,44.69550205,15.79153764,37.53971821,7.209564448,49.3648777,2.573679942,43.25974109,18.03918598,48.26811556,22.86475425
4/11/2023,34.35635432,24.30945417,14.25242503,28.76370013,48.12932004,45.0552904,39.66361363,22.58675301,26.82167474,46.66612257,1.306108266
5/11/2023,40.28056502,3.92340629,24.68597603,10.37948712,21.75364125,19.90927258,24.5862999,32.64371158,21.17735436,8.334089237,19.24582235
6/11/2023,39.8640227,36.90172251,35.11952702,6.688340765,47.32907064,38.17618606,14.9175037,42.70067016,19.61075339,16.16242819,12.56281401
7/11/2023,20.13301153,39.81310161,20.50540352,44.95845481,44.68682941,23.46937066,38.66121407,45.31487993,11.84016878,46.41600297,29.93071594
8/11/2023,26.99344158,27.14239414,32.08473156,24.90618585,28.13237988,3.678279704,49.18576363,28.48317696,24.13790401,43.80871719,29.69947453
9/11/2023,9.891204899,42.34524742,10.44638968,30.34944927,22.43848596,40.96425252,12.27343945,0.368040839,12.33276183,10.3435419,36.68302549
10/11/2023,39.74733899,24.86427063,30.86267875,30.44623027,3.375518844,43.4068261,48.24658647,49.21670621,24.20795353,46.86583427,25.48703637
11/11/2023,13.66175995,30.86670209,6.851553626,1.587554726,36.44254972,43.4068261,37.44044694,33.76772365,5.251761038,42.91814862,14.29104725
12/11/2023,16.58973001,25.51046676,40.10913266,34.1315222,4.925969463,49.37089017,45.76713333,2.744991022,11.9888072,29.48689351,8.4508591
13-11-2023,16.32430725,21.39372504,2.020505781,34.88930865,10.12879353,49.37089017,7.835335342,10.24532309,14.70161734,20.49862821,19.57823645
14-11-2023,13.48556413,39.55898552,27.81183593,35.64709509,15.33161759,18.9299893,44.67457329,17.74565516,1.730564487,14.81831498,26.16233384
15-11-2023,31.7536395,25.35880875,5.632679196,26.40049973,4.162655015,22.06629113,20.98804684,36.74448292,48.84497904,19.15035419,22.3271702
16-11-2023,29.32036153,8.704617659,39.68170845,43.43456589,9.934301204,12.41172761,15.97059895,14.68353885,34.27130576,7.237542345,27.05606
17-11-2023,27.91219949,20.71488379,30.26608346,20.01000977,15.70594739,30.6877512,13.21783408,28.95174247,10.95369028,34.58911382,32.37690094
18-11-2023,18.14166395,32.72514993,20.85045847,34.71359295,41.12109777,20.00761169,49.00031789,4.059444266,24.6679839,21.67556541,44.67200652
19-11-2023,13.41989375,7.896350446,6.974604118,6.75532081,40.20952725,10.01751906,40.13122901,19.33690015,23.35859488,16.32130218,7.523439005
20-11-2023,27.95893821,16.0577105,38.74101477,3.91327042,9.62218222,9.530821901,23.1088703,45.02044943,11.16231087,10.96703896,38.47195408
21-11-2023,42.49798268,27.97199138,6.054304196,29.35114145,45.86580639,9.019484011,35.75305576,42.13502653,35.59922751,18.29876632,30.19629345
22-11-2023,39.63722291,24.04475805,8.17065554,6.57173853,25.68350875,6.635484633,39.05199881,28.65766332,30.82971741,19.87645708,36.25877252
23-11-2023,48.9731171,27.05441497,41.97692523,16.68008806,33.5138896,3.07430961,26.55059076,2.272640111,16.13935572,46.99120533,44.05845813
24-11-2023,0.957731079,37.43887326,24.49733886,18.79169406,22.07673279,21.25156702,27.82121866,31.35178107,3.367790211,1.115630664,9.704092661
25-11-2023,29.36619728,15.51463806,35.54643713,9.115296063,1.43267219,5.85694904,15.05204473,4.292267813,11.52773771,39.33541428,3.017984363
26-11-2023,23.94238151,33.54221417,25.2775752,17.42663441,41.5903866,2.71321955,45.83074811,20.36853995,17.33218574,15.77018962,21.36107967
27-11-2023,32.27673141,40.15714867,6.208878733,46.25853468,33.3282615,47.24839692,33.45715267,18.62767547,33.2404093,28.67754683,14.5344621
28-11-2023,35.84403251,21.22610589,23.26418802,20.60589904,28.96210268,1.914630289,23.14952999,12.23970421,41.46239607,10.33076363,29.92733991
29-11-2023,49.08097386,31.13211437,24.86562747,1.766212769,16.70476368,43.49273826,10.85277304,29.13955151,6.245340467,32.74758048,48.78684677
30-11-2023,14.63093567,16.6384999,29.18391944,13.86450802,4.53375804,2.60344843,11.5998779,10.75026584,19.4019973,45.13714095,38.86310635
1/12/2023,11.80715704,1.863162545,9.397322812,5.50684558,28.43812057,43.57997402,32.76683092,35.61618099,4.829402688,16.97531246,14.78373598
2/12/2023,15.69782452,16.80097765,37.19591797,32.83078226,4.126462735,33.36597481,32.64388261,43.99870109,25.98448598,18.88749819,48.82802682
3/12/2023,24.45646098,48.11977768,25.58922032,38.32012188,17.40588045,14.28194839,14.82557784,18.89802848,17.1810376,42.23445808,30.19257071
4/12/2023,11.23962391,46.20564115,13.98252266,43.8094615,20.79009147,26.02944976,5.062964137,1.368113624,28.22744615,13.96482891,11.5571146
5/12/2023,27.29560198,27.88216985,4.812079338,46.55422968,3.994721903,48.34976147,33.06157962,23.85034383,5.773129352,4.280896283,15.84116227
6/12/2023,20.44830762,34.62241112,47.1382607,44.87341766,2.948583411,16.1794972,37.43608256,24.87949725,47.28625635,0.81767887,43.99805651
7/12/2023,10.22720802,4.840979028,41.5318819,33.79192508,38.87649145,41.97488116,7.507009708,34.9327207,47.81228592,8.840519979,39.91381559
8/12/2023,0.006108427,43.66073101,2.493977706,5.202366119,49.19785357,4.483443666,2.738455984,11.09211167,13.17054543,6.754934713,26.62665799
9/12/2023,17.86100329,22.40648022,13.44691963,16.29744112,5.728209603,24.10982189,32.02627651,41.7191207,31.31975851,20.15456072,33.57115432
10/12/2023,25.08043602,45.65998551,24.39986155,18.8485832,0.30561971,30.38303703,31.10286997,6.077016465,0.79755287,17.38113559,29.5311367
11/12/2023,32.29986874,32.02715845,5.072350956,25.6034193,1.666005765,19.68553662,11.56814877,10.31408755,12.73201967,39.88573,33.82599657
12/12/2023,42.9230005,0.255809289,39.29729378,6.128790267,24.99390833,12.9338916,6.333576902,12.97021928,13.41473329,0.777175772,39.11808953
13-12-2023,5.020501879,31.39808403,36.4716962,6.246133112,26.42314046,3.810707162,44.72855293,26.39269048,11.4026748,42.67498152,13.26804911
14-12-2023,43.71512371,5.994479095,43.31020753,41.10569658,33.0940618,4.474622626,18.25629336,33.85887111,7.237153875,39.09535299,14.33512512
15-12-2023,4.240915243,40.5494868,48.89324835,44.31564431,24.2431914,21.94798235,44.0650173,23.54789063,18.58185824,8.227199157,17.10814126
16-12-2023,19.81357942,12.99427418,11.16913314,48.00818813,17.34922487,43.31191558,13.92267093,3.566239884,12.26691761,29.40084169,19.01635335
17-12-2023,30.30825626,7.957531074,46.0197815,44.39985698,19.64907309,18.44191712,15.14342422,13.59853507,20.3758426,2.706876167,41.6543544
18-12-2023,20.78842011,19.8461501,5.619930969,45.55905176,16.08507224,21.09616664,16.36417751,40.63136895,15.67218016,7.444298804,47.6000895
19-12-2023,40.19004572,20.19789487,35.09078544,45.20248527,4.812408796,18.81474868,40.77724768,8.945518574,9.478818643,44.88661449,13.33126827
20-12-2023,46.9602841,23.20360505,45.51951654,37.40645686,1.58198323,29.40012529,15.75933053,19.43445401,7.8286731,37.78037973,31.62396072
21-12-2023,10.38613011,21.52168455,47.57829151,2.992005334,25.81903334,3.130187359,25.08989235,8.84226088,31.28605121,39.64430943,15.38674543
22-12-2023,20.16279041,32.152512,49.63706648,28.73020557,18.32787682,38.69644399,34.87058042,27.02132172,3.754102777,11.8411918,12.87668729
23-12-2023,14.13998372,21.32427576,7.380806137,21.43438005,2.775428249,30.85106702,13.48217473,41.15897996,30.87198719,1.946080169,3.229768627
24-12-2023,8.25359739,16.4559778,48.12761431,8.996071805,36.20020201,47.5005111,45.29532596,35.00702422,40.10346775,13.46091922,20.64233659
25-12-2023,12.48393756,40.06446445,39.45779586,1.050570217,30.92880638,26.34619836,39.70607507,34.52986312,42.28068956,25.42647835,38.05490455
26-12-2023,30.34231548,18.48276726,21.62149644,13.85436578,25.65741074,38.67839776,25.6056504,34.05270203,48.28096319,25.23328409,14.83547082
27-12-2023,28.30607807,1.696645155,18.33594652,1.995967841,32.28932204,30.10905016,23.32812329,28.49520715,19.53944397,29.62938786,31.53093615
28-12-2023,46.29636663,29.11793482,22.13775301,10.22876096,15.76177183,32.0342012,9.588431905,48.50977008,20.79323903,47.84840473,46.95456728
29-12-2023,49.22548341,8.844660195,25.93955951,22.92089597,1.413051632,0.642577524,44.86342787,40.5098796,22.04703409,46.35691011,3.598295974
30-12-2023,16.55954233,27.53387582,15.56000834,5.138528527,24.50662583,18.39367463,23.99443554,32.59434483,45.45451729,10.20130049,16.15982057
31-12-2023,24.87047449,26.03609002,35.23869339,27.23069236,7.218219132,36.14477174,15.34193461,5.017242586,27.76536588,1.295061631,29.18349264
1/1/2024,46.56913325,34.58197557,47.61150109,26.2334139,16.53510914,11.99049817,27.18476935,6.310928854,34.71474171,19.16136112,21.76626742
2/1/2024,24.9476026,26.69714023,16.07227758,17.7377955,3.034207074,17.97372507,49.655414,45.51093777,37.59646057,43.866073,15.68379485
3/1/2024,2.493481828,45.65115654,27.04336693,1.089897893,21.05627589,23.95695196,9.965763422,37.08172958,0.322727367,3.243868442,42.51578415
4/1/2024,25.0514404,11.41501887,48.64018344,0.461357592,39.0783447,32.79444554,30.14839374,49.22379738,24.4254473,44.22688432,32.28380414
5/1/2024,37.70235533,1.935606657,31.62582894,7.186477664,2.806455944,12.84530778,36.935106,29.19362727,8.474114744,3.142821491,5.361878362
6/1/2024,49.07210846,25.3143853,24.77098988,13.80852317,5.413916553,32.73134091,9.734709466,18.90019711,8.805199742,28.50046355,4.808731405
7/1/2024,32.30881107,32.22682803,22.86648396,23.97061093,18.02502868,35.44390711,11.49863881,24.33085484,16.8141751,41.38619199,46.31520885
8/1/2024,41.35530435,48.31836629,10.71287616,29.99687425,18.02502868,47.94043756,40.20724126,23.37875362,6.321128967,4.792808664,34.14407733
9/1/2024,32.84062062,20.59034627,8.411223115,0.770871429,23.30353117,28.47534307,42.19705241,3.713770948,2.161012895,46.15923513,33.59261086
10/1/2024,44.71128567,46.34983383,22.24897046,20.82851978,23.30353117,3.336527058,46.72771028,37.92488298,18.87098272,3.006818435,48.8481562
11/1/2024,44.33244053,9.212974144,48.88239049,2.670488657,4.457200126,0.601912662,37.19032307,26.65756568,6.142918106,22.35216927,43.67531137
12/1/2024,0.848394441,14.36500593,45.91902437,6.759886638,13.85017169,49.47085141,16.7654649,9.118259131,48.80625567,18.55763851,39.82938577
13-01-2024,33.11258003,34.90392853,42.95565826,48.89398585,23.24314325,0.023690012,13.42167532,39.43612474,38.88727764,37.21077605,41.24711945
14-01-2024,2.416853745,29.28130783,5.838897194,45.39477217,23.66933838,8.690709724,10.07788574,9.216587618,44.51881757,32.51599633,3.691344191
15-01-2024,43.30802672,6.598812358,36.55224222,3.907712998,35.86327181,0.666510321,21.12809877,43.75902579,13.81403695,2.929053588,44.81524743
16-01-2024,36.93250873,33.56613869,17.39899303,7.590852302,20.66332563,34.42638961,27.53738247,48.2724496,40.28217149,21.18110834,46.91464023
17-01-2024,27.12979187,43.27907701,9.772363166,10.39209126,30.83688734,29.67779807,46.38966837,16.61780877,41.71024249,8.751786986,49.41290638
18-01-2024,11.35370605,3.55087266,17.26311378,13.19333021,13.31119342,29.77441178,46.35711696,31.81566619,9.228969937,25.57878626,32.18748601
19-01-2024,36.89521006,11.15801397,31.69138219,33.65469771,40.90639814,0.689722325,23.44530169,38.2933226,33.46883399,4.17679089,17.82310394
20-01-2024,27.01717881,18.76515529,5.634230826,15.70574514,44.00647559,7.70801613,43.37791793,44.77097901,45.99074309,48.51984165,23.11769467
21-01-2024,2.491609425,0.388874951,21.60949026,46.71074616,43.44703024,14.72630994,29.81346684,19.74396867,20.77244261,4.250727019,0.181315461
22-01-2024,24.3466165,37.62896193,18.54321546,16.52543402,24.34628006,16.39024078,37.07338946,49.31029048,20.46474575,32.32402558,30.40557646
23-01-2024,33.81281111,24.461074,23.53062292,39.98648418,47.73368677,0.357638054,27.96289115,29.83351366,13.17313246,29.52954899,20.13391509
24-01-2024,40.53494543,43.58970385,23.59542855,26.92012606,20.0993358,0.267145613,36.87281167,11.55550324,5.944074292,2.817532651,5.43239933
25-01-2024,27.41041469,12.56664061,30.73570309,42.37146993,10.9734823,10.62239333,45.7827322,13.36335247,24.27747996,29.69333491,28.42109704
26-01-2024,46.28865956,14.2617852,37.87597764,3.668117494,38.86745114,20.97764104,7.593121758,38.24750282,34.58428773,28.53954307,2.00735029
27-01-2024,16.41293809,18.62367258,29.75453117,5.153236917,24.02096127,27.63905564,38.57010698,7.353698851,34.6962182,39.14451558,1.775351076
28-01-2024,16.06620874,13.5617655,21.6330847,24.26595913,9.174471411,1.059605213,11.17133107,49.14244903,0.6434261,18.61326412,9.31132097
29-01-2024,14.28058709,6.396471579,30.09607989,25.37481901,34.45185512,22.49339264,19.21606794,9.8206626,47.34325996,10.75152633,22.80742224
30-01-2024,18.84149678,40.28468058,38.55907509,4.36894253,39.97767087,44.56658212,11.25727899,6.405894987,6.924636771,17.02746124,17.7937663
31-01-2024,47.06959616,45.0868915,36.45920164,30.16578866,23.26012464,26.30118499,32.25732814,2.991127373,21.68667799,0.197367536,48.23377157
1/2/2024,30.88812958,29.90632313,35.26282433,41.15464371,11.944422,33.6157269,39.60771823,12.25706799,33.03804665,43.44239003,31.5723125
2/2/2024,41.6881014,7.266648852,3.253861015,44.9044945,11.70322943,40.79999048,31.31992272,10.39150462,11.25037934,12.73509959,29.8589751
3/2/2024,21.13751214,27.27434019,2.763192349,16.85733666,13.89970188,26.480346,2.708241986,30.82102061,49.60895983,8.8800353,26.64834183
4/2/2024,39.09458193,4.944644504,10.44279097,8.00507235,26.62694482,11.54330502,41.43245197,14.98087272,45.72913163,11.40489969,25.15784588
5/2/2024,40.08528249,14.77035848,18.12238959,33.02580633,43.80595518,17.29491268,15.45178135,32.38964967,20.32100663,34.74752149,4.584028047
6/2/2024,16.95745394,35.19417998,29.16615294,46.86564302,48.26731584,40.2442572,20.79124675,49.79842661,16.14276876,30.29055213,28.95377326
7/2/2024,24.457686,26.16815564,33.41618008,45.53530922,20.18743921,13.09656318,2.191834209,42.61395709,9.522711803,9.310159931,31.67750799
8/2/2024,3.552114577,37.42875306,13.37458611,11.67979301,3.220055539,0.624531835,25.03434132,35.42948757,27.06194974,15.20107617,4.408817587
9/2/2024,11.58585275,33.83866961,20.82162889,23.95582221,13.49099268,42.76871817,31.96904598,25.21974672,28.57726922,47.67891423,31.16549663
10/2/2024,43.3182551,45.3170714,38.30387425,36.23185142,23.76192982,33.40082105,38.90375064,45.09468393,3.284565742,8.766642253,34.35189886
11/2/2024,25.98625453,25.64646282,20.80214216,26.30706998,0.501506152,13.11250997,2.339078532,36.27599749,44.82500085,26.87715994,7.313705
12/2/2024,42.89326324,10.51884373,20.83707917,18.06047007,13.42468994,41.71920798,19.89543724,17.20655939,1.806732705,27.94866969,15.63041226
13-02-2024,36.35739702,11.42009624,29.19116802,12.30255464,3.942437533,48.67851179,21.97196065,46.04230796,30.62389036,30.11760314,5.629138815
14-02-2024,35.77512065,11.50183134,12.15433508,31.57691779,35.90365946,26.8402397,21.97196065,10.14809948,1.474887178,32.28653659,5.43358016
15-02-2024,15.00000634,14.51709658,17.60475735,26.97398483,19.05747239,13.1442096,37.69156102,36.22645586,22.02598543,49.09984367,23.94531642
16-02-2024,46.53380955,15.51536255,30.32458596,37.1745071,36.98702567,11.82155189,37.69156102,38.02921489,28.89106268,38.34540545,17.06745168
17-02-2024,13.49404637,39.02385617,19.81921621,19.92263236,39.32569782,10.49889419,18.43811092,32.2627481,25.79780588,1.18455191,10.18958695
18-02-2024,18.38973419,10.7867865,38.78666911,32.07386789,6.251271098,21.96559038,24.41049057,26.49628132,6.999859321,12.77378486,8.60860578
19-02-2024,10.24815566,42.74879976,47.40698302,0.717380967,46.66755809,22.5631392,12.86294294,45.8888606,23.14864539,4.334758412,7.842931604
20-02-2024,12.63516861,36.24995845,5.327153455,39.85001641,22.22360791,46.1663702,18.81717142,49.15095744,35.15027502,35.34581957,40.2255765
21-02-2024,38.2792897,9.394247428,47.87210317,38.74769939,44.48446593,8.308683981,6.943924958,27.44572807,33.91307796,48.24461082,15.47752233
22-02-2024,40.21351143,33.80716648,24.56569053,8.737210338,2.07154299,0.316847998,9.605012497,7.394481688,36.69385591,15.47410673,23.80768961
23-02-2024,28.07668583,39.97386962,44.38986632,27.52070819,3.504428644,0.087818541,16.5767853,17.23581625,30.30815709,24.99697329,9.742572404
24-02-2024,45.78350436,6.533802157,17.38937163,21.69851811,4.937314299,16.64518309,23.38913254,31.34759378,45.26980055,18.76980341,36.41603454
25-02-2024,39.00685428,9.9153274,19.28341306,36.52365873,12.82016894,3.806805812,22.1275968,23.08733982,20.84447245,12.54263353,16.82172466
26-02-2024,45.85374704,5.048132912,41.89825722,34.7104365,17.7692123,42.4217527,4.377476244,29.40214635,11.99788566,28.39594754,23.92684614
27-02-2024,19.38957553,27.30927209,7.809598894,48.04248236,43.24110149,37.21454437,39.75717438,15.86201574,31.191461,10.05589981,4.42226769
28-02-2024,27.74978743,6.494047663,21.52136436,9.272999979,15.49249275,33.03332299,22.76217792,30.64058572,24.42375955,11.12983182,16.91895358
29-02-2024,48.19432326,15.16035627,27.71228007,5.164139488,11.96259685,10.4736072,34.90931321,23.1296232,43.54686693,6.368181601,3.314304664
1/3/2024,38.64888587,42.80429259,24.52110017,20.51219901,31.39929138,30.93879814,4.916440453,46.74694352,36.07755027,19.09690421,13.36036371
2/3/2024,29.10344849,3.285688774,7.335970085,36.91835163,38.80595186,28.82179215,10.98910283,38.43817949,7.888146267,8.613084146,11.52957818
3/3/2024,35.88809377,39.67555461,11.17517009,22.65708188,21.47702034,38.1968534,32.51714585,47.04715617,9.553319595,41.02501908,15.97200476
4/3/2024,7.673122083,16.77741694,44.1397909,0.949968182,13.24631309,21.13097278,48.33231305,11.83621872,11.21849292,1.568697536,10.67092212
5/3/2024,35.72103598,20.05604692,3.275986961,32.45937073,30.8719549,36.88394867,44.47891049,18.05490986,47.23983667,26.0438894,47.36256254
6/3/2024,27.64758923,36.50858794,43.52266905,49.04801188,48.67268402,12.40345483,31.95214527,39.57443539,48.68616593,8.124284172,10.71348052
7/3/2024,6.8834525,22.60306153,41.07933866,38.20489328,24.52315433,43.96610546,41.90675275,45.76519606,18.67987533,32.66910067,15.47857484
8/3/2024,44.57725189,4.409552093,47.68881875,33.18502924,24.75437196,29.1592712,33.06987907,22.93065268,17.71510894,48.57992447,17.72530427
9/3/2024,31.4981752,44.91692487,40.08112544,14.13557105,7.501589023,16.30166572,31.21990149,12.8931193,4.363842719,25.64189865,25.30991099
10/3/2024,2.846756479,9.525372919,43.69109575,6.54111041,23.25619842,24.03642973,23.55193619,1.63466212,14.49336472,29.04596584,8.306526484
11/3/2024,28.55183172,18.38060562,29.54327621,33.33321049,39.01080781,36.97610023,35.79623108,43.69209426,35.07754287,43.04586054,7.701770771
12/3/2024,32.37679549,22.9567648,41.52149034,41.36685032,13.83319069,29.90457046,48.04052598,4.265843409,29.98791603,10.44804916,9.510162557
13-03-2024,4.416454447,40.6057667,19.70266068,44.13126279,32.28113306,3.867544239,30.17208922,23.2901868,34.4729942,14.13824139,28.46071978
14-03-2024,9.111686529,27.78120552,10.05915479,36.67521772,5.133160297,7.331444063,35.10250579,9.513896558,24.96114657,25.58380296,47.411277
15-03-2024,38.26476596,49.910026,40.61541486,5.759950323,8.713969239,43.0211902,3.307234894,39.74537612,42.6153567,27.92763187,8.900683045
16-03-2024,49.18319999,49.38469345,21.55350594,4.285552172,13.96293519,9.051818924,32.50574195,27.52186219,1.501112247,46.47273287,9.572957802
17-03-2024,0.548221795,45.00330211,48.5019778,35.57627597,16.13465521,8.227505479,33.73232961,16.07220462,40.09780293,30.03189254,33.98483365
18-03-2024,1.951298969,45.00330211,39.33693223,20.11153666,29.77560919,12.80557534,13.6495289,46.29080796,3.162452889,36.61717282,16.29829028
19-03-2024,41.84047836,24.9328073,36.56847106,11.9341505,11.03058675,24.61699563,26.45699338,46.26623253,42.52107654,1.393718023,49.19545947
20-03-2024,5.251778215,24.9328073,7.808474144,41.88730466,38.2142749,43.74338619,2.297794808,46.24165711,48.5298067,40.68474791,40.81670964
21-03-2024,21.65259231,44.54263623,27.99193851,42.81687407,47.89446763,35.38053225,9.449907764,10.82744421,40.47019873,39.17833643,4.747202922
22-03-2024,3.588332441,13.38284781,26.20435835,13.7051112,35.8765491,37.44249456,22.99122719,32.70213204,8.455872703,12.04294576,5.196361892
23-03-2024,26.24226434,35.66852187,42.50893745,33.9452307,6.677463117,3.537613067,45.12128679,40.65364304,20.35854154,43.11049592,42.53628418
24-03-2024,41.19278478,34.16544561,26.43436057,7.860886482,43.14664068,38.26171581,27.41246012,26.73524951,24.28474038,13.30516643,17.23980516
25-03-2024,1.341929291,37.60037018,16.61391526,49.48871394,24.6604959,47.04787213,32.68308054,46.53588016,11.4846678,8.187127521,11.23181117
26-03-2024,9.575259036,33.6348572,34.3303468,9.859609475,47.45082135,33.61661952,23.65273122,46.94650253,28.35209468,39.96727576,26.94033134
27-03-2024,22.11506853,8.308977363,16.38907149,37.53193183,6.07173322,48.40324622,26.53451943,3.527754802,13.02230672,41.19611359,45.97839257
28-03-2024,32.45089466,6.490561224,10.78151209,27.92315628,3.630796076,2.788382752,45.75146975,4.320606434,29.44356873,13.50981761,25.02912563
29-03-2024,28.41646358,4.672145084,14.83274198,38.31871843,23.39029486,44.69781995,19.22688773,39.15338651,44.4661749,17.47378772,48.92568245
30-03-2024,24.38203251,46.72956958,18.94286319,26.16909287,1.099054928,36.1928774,38.33196432,9.240270306,44.17199663,6.616104786,15.57584828
31-03-2024,41.28712226,35.44073457,38.5365797,29.43908552,2.667210874,17.03963696,42.03762888,47.22699218,31.6767864,28.47755634,29.33469724
1/4/2024,30.41199392,4.72269806,41.62362432,13.96986683,20.88962736,17.54121683,30.62223549,41.85600834,49.680432,41.62406028,44.7089348
2/4/2024,8.126862731,33.97003928,44.71066893,24.86401525,28.56387669,37.84300788,23.46478711,36.4850245,16.0497131,29.65116496,40.22479247
3/4/2024,47.623339,48.65917319,27.30570057,4.794996638,15.35907419,34.58707183,19.95404373,32.11848413,41.91036419,3.711395593,44.21183371
4/4/2024,19.1652872,28.67906683,43.74140377,41.14612059,27.31813734,26.2470537,14.35743475,1.449129844,2.471966993,26.10187896,30.86946811
5/4/2024,3.230592658,40.04931609,43.87530083,42.01214402,48.66131674,3.390096816,18.43686206,44.78926256,9.433963686,23.98254257,4.827471289
6/4/2024,18.20763343,3.857134107,11.50511546,34.78169943,33.04135486,18.34766589,22.51628938,44.16234996,7.327378162,21.86320618,33.76621162
7/4/2024,11.08723291,19.92962557,40.00128758,2.467583834,21.83858178,49.90290439,7.931660284,43.05719779,28.29131057,8.929948505,49.82995948
8/4/2024,0.005204601,36.00211703,19.80778752,36.22779913,18.80481664,11.97519775,30.08031971,42.56374421,24.51730545,27.41548054,48.24742989
9/4/2024,25.31140061,4.833701357,5.808975976,30.06611677,36.319698,31.83504121,3.716168303,21.95019957,43.66415537,12.17483033,46.32715204
10/4/2024,21.30390798,13.93232045,0.503420836,13.22706602,45.45574669,30.6026974,39.26992912,18.05177836,43.0875987,37.5213698,25.86885189
11/4/2024,43.88350473,10.46374579,36.77780739,37.68766659,35.48923473,6.978270195,35.3660099,7.891009385,49.451589,28.53634622,20.91387134
12/4/2024,45.87378097,14.317144,29.98724027,6.903745903,31.61502233,15.39352059,37.04899417,15.63204226,19.99707915,49.89931323,17.39757674
13-04-2024,37.65353868,22.31512106,10.14906215,11.64439829,27.74080994,42.15626056,18.56500335,45.49612223,15.84405279,32.90688177,29.92349216
14-04-2024,44.95155922,39.0900169,28.0722001,29.10993263,25.64609482,20.09582584,15.77682645,47.87209874,11.69102643,31.59152662,19.0713801
15-04-2024,35.50566551,13.3585089,28.52228936,46.57546696,3.728623203,13.91996339,38.86919919,30.66909929,26.09318159,4.568906514,10.97375613
16-04-2024,33.91355235,30.46077376,27.17262997,46.65893229,11.61416822,41.54284745,27.2872327,4.795586579,9.021988278,41.32610944,22.33201246
17-04-2024,44.51203965,12.12189834,20.3408636,37.02825766,42.40254909,23.83036599,7.441288438,47.54480447,14.64752952,36.97467156,13.33002974
18-04-2024,49.16361073,8.746328357,33.03201089,38.7309796,31.52932665,6.11788453,29.62399972,42.21062538,27.42787612,41.17946495,36.87607363
19-04-2024,20.17055122,43.18165129,15.35493233,14.8364236,19.53516585,20.91326518,13.40126147,27.36911417,27.38149081,33.07838265,48.15231999
20-04-2024,48.68802922,25.02188471,29.63206464,14.84864615,7.541005055,44.08112557,24.40743205,48.58928827,9.67655027,24.97730036,33.76204677
21-04-2024,27.68850743,18.69570165,12.14593832,11.05480756,25.18288985,30.28539389,27.67606982,33.25788804,29.30306853,46.47282441,44.40620384
22-04-2024,21.25742247,40.98192116,30.63305836,48.22352342,30.16479164,47.78977534,18.70651528,37.19628336,40.69280715,6.038916364,6.982627379
23-04-2024,14.62707653,39.97809189,46.9397564,3.131891985,20.20469758,45.32241134,41.41152162,40.28556039,31.83592162,33.76298405,33.63404953
24-04-2024,0.537397034,14.01638848,23.88256185,42.59245983,9.215087961,32.68280119,33.96729961,1.522043183,48.40403421,29.86772149,7.156871078
25-04-2024,32.24261943,21.08636713,25.33469773,8.888632131,18.46317454,4.486233162,23.12951224,4.336885801,19.53785112,18.19880645,44.88894435
26-04-2024,33.93783792,32.96556667,14.73786938,4.703502887,25.593453,20.02516564,35.93305594,22.63605166,19.69330682,24.43521263,2.17991066
27-04-2024,30.04468812,10.46780691,48.4407226,0.518373644,44.51479974,35.56409811,18.18116895,2.812544731,30.72593685,26.41521645,47.05931249
28-04-2024,29.17995817,0.426400226,49.81626041,44.41022207,1.206529588,45.16003789,49.06071793,38.06204231,41.75856687,1.07390947,36.26542952
29-04-2024,39.06563502,14.68468026,34.25613825,23.11331347,3.469395286,48.427557,10.62416199,19.30371444,35.78276158,16.08827394,8.287241877
30-04-2024,29.89740739,21.49667681,4.777677598,8.723930963,8.752071743,8.621184903,31.8716284,17.418751,26.89945741,10.1458235,15.66352785
1/5/2024,21.84573426,41.58809901,9.10476138,20.52882173,9.579717416,45.61691856,11.60017974,47.58667895,18.01615324,5.000787598,15.41411146
2/5/2024,5.821997373,25.34313826,19.01653048,29.65646908,39.89044639,20.91299223,45.79785499,33.90440135,36.40101565,22.44447584,41.26701682
3/5/2024,45.68794974,24.06762987,0.064745898,33.70383253,11.50663067,18.32702824,29.82353141,19.7959763,23.23887503,35.09596385,40.72021967
4/5/2024,2.638677757,27.9226455,34.47549828,18.95963552,20.28708123,13.35713693,16.36504248,5.687551243,33.45565786,0.510448332,40.17342253
5/5/2024,22.81405981,36.74048866,34.78978162,43.48716157,29.06753179,19.91782294,17.15024416,12.95593002,28.64133184,16.27013538,25.30520598
6/5/2024,4.925138639,34.16128671,35.10406496,27.08819849,40.58026896,33.46713591,28.66686379,23.9307843,0.38459766,15.24550859,18.32803021
7/5/2024,46.77985276,25.37801246,1.417333286,32.47648969,45.98409221,2.399392072,44.45007817,26.70856494,23.69292813,14.2208818,43.68806676
8/5/2024,4.765312164,33.1457159,30.81521314,37.86478089,10.48820387,16.59250711,26.25562167,38.34717234,19.16717671,45.70209924,34.9649388
9/5/2024,20.66169411,17.58031888,16.20047287,42.57041015,28.69432266,30.77942504,15.0733068,43.78144772,8.016223523,42.976113,32.60757807
10/5/2024,35.79471369,29.32802603,24.4594156,47.27603941,9.784435919,17.94528881,20.67394657,13.11050462,21.83959299,35.88492064,41.46432486
11/5/2024,0.086846552,11.89289887,27.356737,3.103363137,39.90508572,21.03954834,26.27458634,16.80617815,49.40111142,25.40451433,36.95972431
12/5/2024,0.551170933,29.50928344,3.78232833,37.94377297,43.44516245,28.39930945,43.29747025,33.3564634,27.35705111,40.52664419,40.25682952
13-05-2024,14.42452571,33.31604328,17.60991192,1.71064843,24.55952834,7.635425317,43.20215797,7.163335123,40.06080181,7.386885623,16.62723833
14-05-2024,33.00914836,22.61675609,48.62927325,3.069827581,20.44460337,12.74981835,39.85652963,26.34121889,29.02360363,20.92666679,3.832310955
15-05-2024,4.60439131,9.751320923,25.76142173,41.60394982,26.7475791,9.762796855,36.91790971,45.51910265,28.42988862,0.092086715,19.5638901
16-05-2024,7.718798307,13.85053775,23.71095685,41.72900623,15.20616891,41.62066148,48.59233067,42.75164289,5.351146267,19.70757149,16.59141979
17-05-2024,26.65523634,5.894510387,32.8672871,6.405779285,44.4298379,28.648706,9.108320335,11.87455414,25.64708792,42.23225007,7.71881588
18-05-2024,42.91849898,18.61932648,29.34182855,31.38843846,25.09743281,12.54846131,9.314258723,46.32801348,18.42482032,33.26682923,16.87972049
19-05-2024,41.69705847,32.34534615,25.81637,12.06484288,8.696963151,28.78990145,44.2883165,42.51314805,4.031835274,37.81399372,39.05843208
20-05-2024,40.47561796,44.86685839,44.74803985,18.66910613,2.696712545,45.33949424,19.46376719,8.493516642,33.88233932,36.43694345,19.4701701
21-05-2024,28.05074267,12.88856986,35.28038784,32.74445058,1.489153183,11.79095743,10.4065955,41.79307439,2.653041437,42.90258278,17.84672158
22-05-2024,38.28289388,24.63828788,25.57799646,46.81979503,40.6559,39.18413815,29.6889062,43.29688359,31.04571164,22.05522455,28.92356282
23-05-2024,10.30554533,6.821862703,28.33574029,2.169450596,33.98052483,1.072433784,32.66490056,11.56978981,33.75720718,10.6853726,42.18894297
24-05-2024,1.14429733,40.56526257,19.20352395,13.59837442,5.654063355,4.787388203,17.23306487,38.04889627,33.59379755,2.946361077,28.57984265
25-05-2024,13.5327447,7.916333266,19.10885281,15.13546792,49.15559097,34.59446715,8.196953983,39.66095573,22.85063356,5.582491061,10.24052775
26-05-2024,39.96292665,32.46966594,2.271582628,16.67256143,31.06130376,26.17232188,37.91694183,28.03462533,21.92164281,7.179757629,15.26638214
27-05-2024,31.60848195,28.97600848,46.62355039,34.85177349,28.67264114,47.92300733,20.07836987,5.813656577,31.68562301,24.56895978,39.5258042
28-05-2024,42.97642548,3.647468371,27.32386945,43.97408375,9.715319904,22.23857625,14.856503,21.3270727,41.44960322,49.39878022,33.904837
29-05-2024,40.76978502,39.88748861,42.47907957,20.1112613,5.996542542,25.98744872,30.6090086,22.85984704,40.6886216,4.545176007,28.2838698
30-05-2024,24.51558631,9.225308013,48.42296361,21.61221113,49.18165109,37.92910625,39.56497832,13.95741464,47.22809232,15.75802199,27.05734399
31-05-2024,12.93680277,34.33094321,49.38620693,47.46192366,7.662869671,40.51720226,10.67266815,5.054982251,36.05085502,22.81664152,41.71974069
1/6/2024,1.358019228,29.39677986,20.04400445,40.87579291,0.034783215,34.26894752,22.6530291,45.51412833,27.42903132,25.72867359,41.71974069
2/6/2024,13.41714583,36.22767983,22.48685767,26.07193831,31.65725134,37.36040802,34.51649551,36.89006677,23.69483462,48.37595695,42.1997781
3/6/2024,47.11716575,15.8547652,48.82637164,8.273274311,45.57945003,3.352727322,15.40775835,44.01844842,1.403237316,33.18727897,42.1997781
4/6/2024,34.539223,3.276640985,24.42681427,27.30250317,4.353960735,45.62846997,29.41869401,20.6807049,21.32308067,17.99860099,45.22633001
5/6/2024,20.56670116,12.19971511,0.027256898,10.12162464,22.37987376,45.62846997,12.70403135,4.747919912,41.24292403,5.419303455,31.30842993
6/6/2024,26.13800813,21.12278924,45.88018917,42.77050993,13.49081565,36.59227452,9.349398163,46.33909957,11.62173346,7.447316482,48.99154606
7/6/2024,5.734657271,46.08725879,11.99882464,7.409584188,18.98869832,36.59227452,18.55824297,10.16506889,37.93589945,34.27347812,32.37611915
8/6/2024,44.20460972,37.81910287,31.52395601,23.75822195,24.486581,26.10551864,27.76708778,5.330778739,13.38436106,35.53576728,19.4096646
9/6/2024,48.75900649,33.39485581,2.021163325,10.17840704,37.14484218,6.427803473,16.64880542,9.482335303,15.89159261,24.80529205,20.45300642
10/6/2024,28.95135451,29.72006898,42.46159742,3.199983664,35.60560516,11.07147062,17.9171136,20.37240625,3.373201315,36.70699997,1.312887286
11/6/2024,46.17405675,35.69579046,8.37404037,30.85023273,44.16436049,15.71513776,7.586123485,33.36797345,4.408942361,46.32585964,5.714385381
12/6/2024,36.74788175,42.24196616,32.87900595,12.23242317,44.45689683,31.69588172,44.06293441,47.79609476,40.59815589,18.32836948,18.93659172
13-06-2024,29.34802462,20.08600516,46.77786986,43.34755463,26.83276534,46.67460376,6.733864729,13.4329225,30.60049834,30.39471849,37.07769897
14-06-2024,31.50998743,18.96939113,36.88422935,31.60373056,6.285584723,12.07198798,45.43880979,12.94290588,20.60284079,19.24320095,46.50919052
15-06-2024,37.5383987,17.8527771,25.4733262,34.4889779,4.577180987,16.52412067,44.70441017,21.31516526,41.27244321,7.052784637,1.233266645
16-06-2024,28.85241841,34.534277,19.30447284,3.113658034,49.55768326,8.842343886,14.86583909,33.13901193,0.711189132,20.61070692,3.993472648
17-06-2024,33.05054312,36.98690308,37.96039052,26.69903056,48.40399898,6.580191116,8.161415963,17.04245211,10.54954743,22.26211629,1.986632791
18-06-2024,35.09185554,33.24050063,9.357299551,29.93348883,39.62603467,12.52139869,1.45699284,12.02010448,20.38790574,12.55185483,10.66206562
19-06-2024,19.64415505,29.49409819,49.25307788,17.82332492,20.07767338,40.20968371,45.28972167,5.703083163,10.42098687,2.841593374,24.69652763
20-06-2024,18.47735924,1.606220643,44.81903547,12.99832092,0.529312077,26.95444108,7.937616481,46.24977039,28.92416629,47.48887592,11.82526749
21-06-2024,9.169047248,37.15177301,49.78933702,26.31078802,36.20552667,18.16407784,22.1442825,16.35588614,28.74391103,45.98839774,35.64355742
22-06-2024,26.36026082,0.394589536,0.655294082,0.596911366,21.98739177,48.05623299,23.98386619,0.799286927,12.14763283,44.48791955,14.55390336
23-06-2024,31.04273494,45.88590384,12.82545861,20.00270031,19.69093119,18.9802457,36.65829779,25.03052179,16.45764306,45.90102634,45.43356027
24-06-2024,35.01557994,29.75376177,24.99562314,12.2090587,20.48747191,39.34742453,41.47755527,43.37341973,30.5199015,10.0093201,0.242479815
25-06-2024,14.10454599,20.32118342,48.42495159,46.37809082,6.227444289,28.30902303,2.657812622,25.84891304,19.82774042,9.808516691,27.91835387
26-06-2024,0.741897754,19.63008438,46.51844097,10.41404356,39.80465322,17.27062152,21.35659327,18.18600454,43.01683092,17.05727044,7.876630622
27-06-2024,0.741897754,18.93898533,42.00690583,48.30323027,35.55636254,46.9434378,16.20624484,17.66708754,7.05489049,24.3060242,8.424911221
28-06-2024,49.6731086,1.598820595,26.17206478,6.454901319,10.49106494,19.35898334,12.62001292,36.61496245,14.51511145,16.02741919,43.56250287
29-06-2024,49.6731086,11.63795237,7.503925413,11.57505827,26.31471642,26.81463521,49.81361841,28.60169604,43.10349991,40.86783049,44.30252919
30-06-2024,37.42786398,33.07630319,39.84614706,18.11778234,48.32598324,8.773731957,8.785549701,37.78869758,40.12886484,45.5824593,31.07959401
1/7/2024,23.7323646,5.168621739,14.1266363,35.42237452,19.31956585,42.87165197,18.87719304,35.27182902,41.75662182,25.0324234,9.145050366
2/7/2024,10.03686521,5.530415682,19.51188586,30.66046881,6.459941335,25.47511174,47.26443017,18.93446009,48.05241822,6.451379347,7.03405578
3/7/2024,11.60170876,10.61823137,34.14252781,26.45276429,30.90978811,13.98674448,42.05643937,29.17240746,2.096935456,6.987114708,43.3734036
4/7/2024,2.158668883,18.13762006,19.62477009,36.95145581,36.94614397,26.71148036,26.15611923,19.23417535,37.95044086,46.63699405,8.68369306
5/7/2024,46.92075492,44.90145564,29.14582282,49.83210687,42.32570636,20.45696427,10.2557991,6.364610954,3.079749017,45.87004075,9.488292198
6/7/2024,1.052172503,2.723235236,26.64792276,4.258988687,36.59284288,14.20244817,34.07680131,41.88451138,39.17220537,45.10308745,4.155372775
7/7/2024,17.32111248,46.0328351,30.1318902,4.428367481,46.25625882,13.12656712,20.38443319,28.97694823,35.62347343,22.43762309,44.49830081
8/7/2024,6.63487974,24.89288577,44.27561972,46.1059311,31.7334825,20.14496366,31.33721759,19.76123766,41.36152915,39.54051065,31.38231709
9/7/2024,32.15729623,16.60377554,41.04701724,35.08216548,29.69229485,7.049633276,42.290002,39.35594788,47.09958487,47.58907031,10.87112834
10/7/2024,32.37314825,12.2548625,11.90608301,11.24888325,18.76119457,35.50198105,29.49784763,16.99581656,0.823615962,24.77151368,5.488539049
11/7/2024,44.96152408,25.54625,23.29496091,16.25110601,23.60221134,15.67097657,17.60752544,15.23995044,12.8462314,39.02003105,27.63950086
12/7/2024,19.42775597,20.77337786,6.912893477,8.874313912,16.97991224,2.340691651,10.96922467,37.17419727,12.15573313,24.41872655,40.48071271
13-07-2024,38.81115,25.81182373,22.55994958,1.497521816,25.11157969,8.493005711,4.330923904,27.2550276,0.292157026,45.27364938,14.21395209
14-07-2024,25.71793068,47.85844185,9.075768685,45.74525297,33.03403221,28.25721765,1.318588808,4.850134302,41.87335525,42.4918442,37.44999666
15-07-2024,12.20595781,11.63850867,43.82724518,37.1363141,26.32550947,9.629001316,44.54411842,46.47484615,40.98783469,37.51747366,34.10556134
16-07-2024,16.98050009,20.23081017,26.46312912,22.86834956,10.80032783,16.53355532,13.19326722,34.46515677,17.65634294,28.01829566,42.13416209
17-07-2024,20.37522945,28.82311168,9.099013057,20.50075428,1.507643263,23.43810932,13.67387563,3.184011916,27.92576428,23.89622079,0.764476882
18-07-2024,40.54155427,41.63229586,16.96257894,11.06674291,46.44839973,43.36852097,19.92520083,29.43318764,17.04065203,33.56192922,9.785176585
19-07-2024,8.436484576,11.92889626,39.04808502,22.37459512,43.84901092,2.708911091,31.97698606,8.219954469,6.15553978,6.158863764,36.29615977
20-07-2024,4.478321826,11.93963397,42.34194966,33.68244734,27.7535284,4.968583739,37.45347674,31.80641605,7.884735453,24.19325062,23.63657931
21-07-2024,26.1359373,28.97599964,18.58318903,32.59082534,33.75462105,7.228256387,37.588122,25.65659428,0.274996297,45.28919882,17.44036307
22-07-2024,13.06056185,46.01236531,47.90594276,23.52470501,40.03750973,31.94997983,25.60386438,13.70838109,32.19055222,4.486751261,26.01883757
23-07-2024,26.20929261,27.62466889,8.082324071,37.35371576,23.20826026,5.103741253,47.34186808,5.016039881,43.04470172,4.852157172,40.81096445
24-07-2024,45.84528405,28.91631079,36.86604306,12.19862847,15.94365406,36.31594813,22.95381514,41.37372041,7.261810497,49.46400985,39.33813553
25-07-2024,14.89852211,12.75992704,45.90091191,16.18695049,8.679047859,14.06278117,30.15325186,1.726772627,2.408051008,14.92117842,34.99946142
26-07-2024,47.99081096,13.81078302,33.17942692,40.85391178,47.32659387,10.92182263,38.94940328,18.00956715,9.573873897,36.56465659,28.41093167
27-07-2024,40.92214097,35.45439504,49.76042657,3.160665178,26.21194871,33.97045819,7.940484469,41.53385703,3.902889761,17.50040106,11.78356998
28-07-2024,35.77578338,14.51972376,31.73703858,23.42394395,49.37107596,41.26547284,27.77796505,12.86133695,11.44047832,31.75909137,27.23987644
29-07-2024,34.65807441,38.38470191,46.11863254,43.68722273,38.57621685,11.66425024,14.85018283,44.19797301,14.93602277,34.69979467,42.6961829
30-07-2024,34.65807441,18.65069361,2.594041239,27.64867273,30.84307409,28.22951304,46.65193872,12.96969061,33.38878757,21.35564938,25.22215521
31-07-2024,32.70999762,0.57763114,45.91486395,48.30364692,25.15943266,12.78949562,20.72455525,43.3319476,45.46980325,8.011504093,5.981726564
1/8/2024,32.70999762,20.69042255,35.70933098,0.155758464,26.3233469,20.49141384,21.66106855,11.75454287,6.064853442,22.15637342,36.68363441
2/8/2024,47.79103598,13.41309035,37.96847553,49.19024312,22.65045981,44.7093821,34.43361313,17.12413679,43.79420116,34.35780321,22.98570501
3/8/2024,38.42675574,16.51277184,26.38667308,18.49621813,6.04977418,48.61312408,26.28116916,10.16264088,39.24702296,10.94695339,45.16236071
4/8/2024,6.471369403,22.13738024,32.87759745,38.02398699,16.69810952,21.532198,38.62873298,49.12151162,2.564654316,7.834294372,15.59934263
5/8/2024,2.848374827,35.27109451,39.36852181,5.117781119,27.34644486,18.6667954,8.396959158,21.58065918,24.121378,22.80474703,21.66614909
6/8/2024,19.03025978,40.51417785,41.01623601,9.071920259,14.10718351,42.06851096,40.5956629,21.57726992,23.71951576,15.63815579,25.57489781
7/8/2024,37.9577026,46.08675299,12.19611629,4.304192993,0.620830466,39.7435355,40.99283367,35.00723137,2.594601288,36.07035701,29.48364652
8/8/2024,2.115888089,19.33577648,47.15570996,40.16391196,25.24458377,38.50866746,45.05484402,21.72257771,23.37184652,42.38653892,48.55889369
9/8/2024,49.46187771,48.00900299,35.85921915,42.29097761,3.713181763,43.98759625,24.06743744,13.83926089,43.25843133,32.59412231,37.31553803
10/8/2024,38.78707874,14.89800496,36.76093172,34.89919598,6.038985995,21.54651781,16.25441677,29.75721788,38.11767087,11.59636625,40.21092926
11/8/2024,43.41744311,17.79306181,21.60830468,27.50741434,1.103883457,12.88369009,42.11683581,2.919252413,24.93484469,0.943256545,24.96307714
12/8/2024,40.76907,43.84556078,22.96784882,20.71316257,36.79872557,40.3997717,33.46206146,14.25993625,28.88647672,12.31765951,9.71522503
13-08-2024,40.76907,20.97442165,16.11502794,16.82868658,9.22340308,27.65597306,24.80728712,41.37267192,15.67554801,27.79692822,10.49834532
14-08-2024,39.50391947,39.17960873,47.82946501,6.350832891,13.63280154,31.95689704,32.28431074,20.1415106,32.74491286,0.141050163,16.67722356
15-08-2024,39.50391947,40.56944896,41.06955414,4.821212204,27.27328523,2.426851584,4.110039447,16.86306698,14.04693528,45.31775983,11.57721329
16-08-2024,14.68695347,41.95928919,32.37562519,32.73072301,2.196926259,32.242026,9.339047747,30.06797719,26.43732511,49.57526224,45.30733425
17-08-2024,20.24543112,14.55999903,4.213901593,4.365702859,33.67276964,1.964033344,16.59928949,39.58647838,0.415337131,0.635802183,49.92925906
18-08-2024,25.80390877,39.5829775,28.49707323,28.06395298,5.491389869,6.299899661,22.5478923,27.57310072,43.20410031,28.578916,33.08902067
19-08-2024,27.26870637,2.398229593,6.892497451,24.85634994,7.070064388,5.260882972,18.42268994,9.365814457,21.85143537,23.34887668,20.48692607
20-08-2024,27.89996401,48.19664783,12.75571416,25.93802617,13.98318446,4.221866283,12.58521303,35.25399455,15.24682544,18.11883736,4.404391702
21-08-2024,28.53122165,41.52136158,4.586527059,28.31487138,5.477378946,25.59811446,1.325568267,47.7815105,20.55069287,31.31923758,27.88321391
22-08-2024,34.05734047,32.78107871,9.795807188,14.29658901,12.05151198,35.93167971,17.05853464,1.580166204,36.29830471,5.148512319,10.16040959
23-08-2024,39.58345929,30.78152307,43.76581051,14.20005248,10.0434873,28.44295607,18.43144546,40.06617444,19.2781795,49.28810361,10.01273399
24-08-2024,31.51808909,36.63968569,36.93768268,46.85679786,16.10361137,20.95423244,24.64759316,5.77514678,17.89291046,34.38036714,15.38897258
25-08-2024,45.40231062,23.01062679,30.10955485,36.88251897,45.65679955,15.73620288,24.47804599,24.31157294,17.39220154,0.481524429,33.32291687
26-08-2024,19.92703584,38.85135767,46.82074445,5.144759589,15.23482968,37.7438213,46.53007598,32.11745406,16.89149263,25.59004242,45.70775319
27-08-2024,46.17378869,9.339284808,4.67134923,16.80468908,31.7116163,3.386872735,24.92497699,39.92333518,15.67931555,39.0600449,6.454825849
28-08-2024,24.18860666,17.82867665,10.07054508,10.33463298,37.09800502,5.397886883,46.13536163,16.37210791,41.90258828,11.43408972,6.870543991
29-08-2024,20.37306374,21.32202457,3.612168576,17.5291453,35.0296361,7.408901032,28.76192975,18.3050442,23.17710281,1.336250203,17.31589269
30-08-2024,26.65942052,24.8153725,49.27466363,5.19849517,26.6685785,31.88918175,46.18755117,37.06336675,26.26683072,25.50054147,40.91827804
31-08-2024,23.36006085,49.06449714,11.92416482,46.85794649,41.4981714,47.19591611,49.13235535,21.57235628,40.08835475,47.63852291,24.16871299
1/9/2024,26.12487954,1.165445494,42.77137169,42.33673973,13.75594108,7.328064604,45.7885973,6.081345805,10.9472516,31.82383901,12.90463629
2/9/2024,42.33053023,18.33257993,1.15258852,31.23229952,37.94194759,49.50091094,42.44483924,27.97336054,11.09123348,44.68897752,30.94905496
3/9/2024,44.9890886,23.96299367,12.4897173,40.98119734,10.13816938,28.79281343,9.266809802,10.95271637,23.79981941,6.418525256,48.99347363
4/9/2024,0.614350163,0.453981699,23.82684607,26.50682079,14.57999666,6.859859196,22.80883664,35.56444633,16.75382357,2.746438289,49.61577644
5/9/2024,21.8623929,3.504480048,8.777873111,36.300139,10.25714548,42.17517033,17.2440205,11.57685011,33.06367457,21.00406618,47.59180893
6/9/2024,43.11043565,10.15665034,24.36391741,14.29549803,6.502758796,29.02448576,12.36311732,48.3991788,18.84218397,26.34649039,41.45253546
7/9/2024,29.23786074,16.80882063,18.21964497,37.87162284,46.41934556,48.47265905,43.22663152,27.0308772,25.27685261,32.65847629,41.14473307
8/9/2024,38.43029158,5.388959914,34.31107042,42.74740625,43.45753907,16.70516433,49.50855083,6.20435851,8.864425104,21.3912041,1.603043487
9/9/2024,25.08148164,43.46114323,42.05975041,40.27022085,10.1500917,38.34386094,0.777213613,35.33665516,8.611767432,5.200230268,13.04205378
10/9/2024,47.30131308,8.953170474,29.93307914,36.09043998,36.68110087,30.74702325,2.139594862,13.75886519,13.96642612,13.09901555,20.95317428
11/9/2024,9.907260142,33.48604799,23.2599754,30.29098661,49.77882472,26.51683539,9.538478148,47.47316406,43.87355021,6.578694893,5.809835657
12/9/2024,35.54929532,12.22209415,25.03833415,29.50403637,28.16645346,42.58362192,38.25830503,11.03190853,21.99947301,25.63596121,9.599939616
13-09-2024,33.09151501,33.85460812,11.61600802,12.79186471,5.429443633,2.871106684,41.06089131,28.97856894,5.393706937,6.610823708,10.24824727
14-09-2024,21.62899507,40.46278493,35.82902443,28.63060267,36.76244099,29.24378408,37.81465683,45.05649488,34.56418324,1.775219396,42.26628639
15-09-2024,26.91499814,11.21966898,27.16692733,44.46934063,48.68725802,1.601869472,27.07086841,26.40810126,7.397537123,12.10355918,23.31024371
16-09-2024,33.48792261,29.28907417,44.98421849,48.52897293,20.06428069,40.63773999,35.2696367,27.56465846,2.017286508,35.80839377,4.354201028
17-09-2024,40.06084708,22.57498268,39.61048583,2.777247689,32.89993959,15.92462541,38.79057412,46.80027525,16.17301772,45.96254571,7.310246524
18-09-2024,12.16940212,35.3886056,34.23675317,0.013735619,22.42646006,26.21692655,17.8450487,42.130691,5.270031405,48.27898672,21.27453073
19-09-2024,38.03411891,37.41623126,27.84739655,42.82469337,14.21523511,26.57960648,33.55846662,30.1236105,26.12070868,2.682356294,27.186568
20-09-2024,40.87486959,11.24239606,14.14427605,2.022860511,23.04484277,45.21963561,9.102944352,24.55968562,28.52360305,6.983303895,34.86810179
21-09-2024,48.17843166,25.64548456,35.44321661,2.771725141,46.7449697,8.047864407,0.721321601,41.79960096,29.90959657,40.18020288,26.23536233
22-09-2024,26.20299859,32.73084669,44.52230691,43.25832457,46.17296864,33.56631223,9.670510007,18.94400629,36.49924802,33.65273302,34.86580082
23-09-2024,10.80154872,48.15634632,15.28718097,35.79760369,18.3256314,39.95755268,3.100691157,27.24041232,43.08889947,36.38544705,30.77752468
24-09-2024,4.760631421,45.35204648,39.74205911,16.83341592,47.51420941,27.48710967,30.03204474,6.338638486,9.029485857,27.94213268,35.75464109
25-09-2024,22.62352998,18.62913511,26.72728274,38.17462403,3.752696303,41.9980566,45.07789466,22.71735418,31.53414478,25.47373522,37.57514279
26-09-2024,49.89019752,37.70924362,45.5357702,21.2850001,25.51652907,10.37617981,30.80365256,0.237522789,26.57637281,14.24237835,7.348886941
27-09-2024,8.44281721,13.23917075,36.69125859,4.39537617,47.28036184,18.63834669,47.83300047,35.18605852,46.6397136,43.7311598,43.09716805
28-09-2024,47.95293389,38.60113577,40.88101106,30.6255254,48.98722892,11.71688951,13.94801379,34.95514573,45.31426557,41.52070738,15.3506476
29-09-2024,4.565259567,43.12695418,47.67162684,44.26377912,0.670143877,35.95080399,10.91760985,3.564174561,20.83142217,42.99696529,41.00117081
30-09-2024,7.342200435,28.50983899,27.3643415,0.774526983,36.51611529,10.8408391,0.660793179,17.24749225,44.0779904,3.689427281,40.68219235
1/10/2024,21.0399151,30.26114466,23.1506169,45.14139073,29.43685154,3.125006835,23.31310368,18.70049648,37.3416787,44.24206108,29.64230624
2/10/2024,10.74798725,2.303082123,45.04153236,2.356768436,41.75995026,46.6593933,19.09698612,24.86276549,10.36249688,23.45524939,10.56307403
3/10/2024,43.11906657,14.98858078,6.676338133,5.890897375,0.31557392,24.51870341,25.73846873,15.69290382,24.38885906,19.48381218,6.817971165
4/10/2024,1.928041944,25.64145222,1.775685788,6.587669504,30.29920704,15.24555938,3.245202171,42.21631303,4.449536198,18.83628913,10.0655282
5/10/2024,1.438763074,36.29432366,43.97704329,16.53626049,25.14554652,47.90941079,43.10680036,42.04410981,20.04024041,34.11149906,48.20281046
6/10/2024,0.346739425,29.21165843,28.39378227,46.78802097,19.99188601,25.04204782,37.06256417,21.38680382,42.45433661,26.23214628,43.45658648
7/10/2024,25.31742441,37.15085296,25.18980842,2.103723913,30.6314319,38.14222381,3.610518462,9.528167296,0.914049155,34.80581699,11.39442861
8/10/2024,29.28718432,41.61608477,9.920192683,40.5151297,44.48883693,21.69080608,22.21454728,1.332493341,18.68689384,43.37948771,13.21996593
9/10/2024,48.38551676,18.84823152,15.75446754,44.45786567,37.5742531,10.32573545,40.61058576,41.44293419,48.50469161,47.23419756,49.10011626
10/10/2024,47.70990231,19.72718256,17.50888468,36.4516158,26.81592844,6.060721565,33.54781451,13.07589758,21.78442497,23.31588212,35.97753102
11/10/2024,24.47043526,25.70812857,31.71266095,12.91627053,42.54805925,8.466411425,37.83016144,26.48383628,17.45321855,41.4586123,9.349234481
12/10/2024,43.04365676,13.00263779,45.91643721,38.51261145,47.98366209,30.94823339,17.60918118,44.01231474,48.64467192,28.00812344,27.08143493
13-10-2024,49.51082108,28.94880401,11.26043716,23.78472852,40.62732799,28.43833864,38.59311669,11.31891726,23.88778044,32.59413095,44.81363538
14-10-2024,3.606237688,2.875253505,1.59503185,48.61081126,6.247768424,11.49306118,15.43037698,0.946664494,28.21742815,37.18013847,2.148919157
15-10-2024,32.85549516,12.41348593,44.22659558,36.62641617,41.46322939,30.01220597,35.00221643,22.14714295,10.15070627,13.84380857,27.55911501
16-10-2024,0.290233083,12.44116316,10.15527387,10.49176258,13.56551878,37.66576552,18.42575896,7.653616803,12.67953893,23.64223206,7.715540035
17-10-2024,32.20970167,22.44536525,47.91800884,19.80551063,21.65845785,14.04067775,7.924233089,47.01575897,44.38459429,19.25542911,35.59669932
18-10-2024,0.629823656,15.83299572,20.7228002,46.36263801,26.42624765,42.31615009,42.44202359,30.95546822,8.796796876,4.522579686,41.86623623
19-10-2024,23.51325368,32.90377087,48.47016246,41.37877043,9.067200154,11.27774762,32.66731143,12.82313671,23.45374394,0.811785318,27.23268295
20-10-2024,35.8062883,43.30675391,14.37867603,27.51695636,32.39126902,33.03943091,29.50787432,7.0724876,20.78088615,16.4705131,6.697799245
21-10-2024,27.10637442,12.07337389,7.781913001,2.536632803,21.05444205,25.96194052,4.934645981,1.321838488,42.75792773,27.97599217,40.09680268
22-10-2024,36.37276264,17.15139128,1.185149971,23.2280818,29.03464437,6.603436649,16.71025334,23.18234177,22.31513517,39.22473958,7.36802245
23-10-2024,45.63915086,21.46148617,6.963621286,32.53040137,26.46944291,39.13101076,4.710325489,16.98394925,31.42198141,44.63922284,37.66177214
24-10-2024,24.21762201,49.66378463,47.53689118,16.91779366,41.80850773,8.944909171,48.06787213,34.80365193,19.78582095,27.40635224,42.90457652
25-10-2024,19.22025549,21.01625463,49.49209721,26.72171626,42.5483444,32.04844649,9.276740832,5.473591492,13.63246847,31.79495695,22.93188742
26-10-2024,3.44504068,34.76112276,29.51949065,44.68348919,49.96184197,1.200492637,6.67395271,30.39149357,37.89419586,14.58293307,42.67079264
27-10-2024,0.881042518,12.54024545,29.87025501,14.66591182,22.70295338,17.32555302,21.39176866,8.488416009,44.52675037,11.26551439,39.39426412
28-10-2024,48.60503125,49.5466471,6.603716023,1.83856852,2.936876635,42.69217548,41.44390465,39.27191602,33.28562755,12.00640807,2.596011281
29-10-2024,45.37676956,48.98291225,12.38239312,29.89148557,6.415937603,3.295158933,29.9206364,45.17473986,36.30794564,35.27495861,40.25528872
30-10-2024,18.35087984,20.27326767,28.17579316,43.62312253,15.44889627,23.80631698,47.99474413,36.37187076,18.17270884,38.97457239,44.247252
31-10-2024,41.87638796,31.47923378,22.66485126,6.112057018,24.48185493,48.9686784,43.06396857,17.62615942,2.941799112,36.30305903,45.9101594
1/11/2024,21.1654029,12.53252853,31.71850415,41.57700672,48.83667437,18.14629153,38.13319301,13.14910366,49.33612411,12.99826085,7.302312064
2/11/2024,1.599412997,38.38443264,40.77215705,4.063790598,38.29372123,0.544336627,17.55933382,3.541241511,0.093279299,20.25284318,32.69089718
3/11/2024,4.378977306,33.31975099,30.37544684,28.09164589,7.482842127,3.659424448,20.47530048,44.37820721,25.58852772,6.053235763,21.57295385
4/11/2024,16.33409786,35.95330672,43.15191295,11.59301485,44.81872349,20.20555353,26.97856641,1.316906742,1.048151496,2.350883567,24.9142664
5/11/2024,28.14810138,0.424539308,32.0756054,19.89997104,49.68390233,36.75168262,34.15544325,43.03124695,46.26776409,23.43801174,5.305867983
6/11/2024,34.85578085,47.23712366,20.27335981,10.98205409,47.12344972,48.62784073,34.45780265,10.18292078,41.51333459,7.990246467,24.11752992
7/11/2024,1.96239909,33.23583874,4.365403723,2.064137137,27.88643868,28.98467997,30.6418455,23.74056148,15.9093001,27.04451982,43.48384754
8/11/2024,29.84682036,19.23455383,48.19849738,24.9908669,2.579213336,24.42672799,13.41993043,38.87825256,33.15890905,46.67017867,49.286101
9/11/2024,36.10737651,8.779625839,21.52496654,47.91759667,37.83381631,6.913769682,18.6835852,14.5998646,26.62257263,35.57714697,31.76423526
10/11/2024,37.77052257,32.28153273,34.08354669,25.68455483,19.39799333,8.726842023,6.007146261,14.5998646,29.73782016,3.115814459,34.63622518
11/11/2024,18.87162848,37.14525238,8.75766531,40.65021719,18.20516524,17.5378026,28.39473994,32.2411158,32.85306769,39.9426084,5.939078329
12/11/2024,13.17290651,40.14366388,14.98720445,2.996102865,17.01233714,17.87509972,2.298012131,32.2411158,32.84111388,21.02296532,36.64175905
13-11-2024,35.00783553,29.91192749,24.1206681,16.05994345,44.71919667,18.21223256,33.20958962,20.24970124,5.35977747,6.586338132,27.670856
14-11-2024,28.97367377,23.90568677,45.19652569,5.730365717,18.51146242,31.3550089,38.79810029,38.78902744,24.44641629,46.23693322,24.26203078
15-11-2024,31.53132445,27.83746042,40.95872099,37.14825398,11.59813748,43.63499873,35.69656735,42.05669145,14.27096584,27.32043035,49.07676525
16-11-2024,34.08897514,0.709926478,45.66583054,28.54917015,29.24449787,15.68568555,3.608930261,10.54240777,6.862225336,17.59679054,47.29501119
17-11-2024,44.97472416,3.624160508,42.27766112,5.053475492,36.43554734,42.08867591,28.33999278,2.827269638,26.72831839,35.68854595,20.74343262
18-11-2024,41.37337265,27.19452853,38.8894917,24.46798074,6.284535718,34.55175613,37.33379492,42.73763997,41.91387844,9.147547792,5.683268862
19-11-2024,27.26854876,2.988566536,5.860980988,43.882486,2.824057457,5.016708792,0.962767127,29.94385532,21.64266857,19.66470372,1.676087393
20-11-2024,13.16372488,4.979114162,18.45214131,49.4668587,36.88312125,30.71616516,32.88808961,5.110887601,29.60781739,11.6922325,36.4486025
21-11-2024,8.419581878,27.00631162,11.85629513,39.12130199,15.84801088,20.9366068,34.80351956,17.49131415,12.95503988,42.09508536,3.935259897
22-11-2024,31.92949709,10.14590289,41.66877482,33.06982509,8.838347904,1.730145675,32.87491974,26.38835561,8.458055661,43.99178824,10.47022787
23-11-2024,24.20279549,43.87982876,15.91334128,30.53038136,1.828684927,43.35301455,36.17933373,10.98336553,13.87752953,15.86048009,23.54530537
24-11-2024,21.86471959,25.02509723,47.12800905,12.02992887,46.42587361,3.271232325,31.59732721,6.169736087,1.018023773,5.476481769,41.45286256
25-11-2024,49.46511186,39.33999616,31.61891482,43.5895529,42.7372647,39.36130525,22.39637644,3.191331243,23.19480631,49.04510208,46.30944626
26-11-2024,0.035077143,5.521603476,29.72592672,29.25517802,30.56012615,0.198689134,28.94135171,48.4638704,38.6373071,43.39773352,18.62696325
27-11-2024,47.16891849,30.35818926,11.26339761,14.92080313,42.97883374,32.37683859,49.36618792,15.29826381,21.98268174,17.01147946,29.08528623
28-11-2024,9.447591461,3.913749179,46.37625812,9.808638087,44.5879066,43.41575566,38.25027738,44.55881982,18.33025615,15.71113894,26.18709056
29-11-2024,39.1437856,42.93424263,11.89123662,26.59799269,46.19697945,44.0778729,9.173639965,43.0718932,22.41007306,20.17069116,18.79941624
30-11-2024,4.74747136,22.81087478,12.7425483,37.70070502,45.55867967,31.86293018,44.74125022,41.58496658,14.13837084,7.998338538,10.77819551
1/12/2024,45.81498532,43.81027742,14.21677514,32.69222,24.1587435,19.64798746,40.11221829,12.96054323,48.98940772,46.85529013,6.206186786
2/12/2024,35.46148514,1.542216314,34.05682699,37.50128884,19.30311305,40.9125581,35.48318635,17.5076017,41.60421357,41.35582458,35.05257961
3/12/2024,25.10798497,40.49360825,47.44603534,42.31035768,10.91885231,3.338879567,33.68447782,28.11952168,15.2012183,24.23807452,1.178531823
4/12/2024,47.3422336,4.420875825,25.90336174,14.97180107,34.8645965,29.69776515,1.078703302,4.565580595,44.77005608,3.648744704,5.310149868
5/12/2024,44.95320222,25.09485122,24.05673682,14.36184499,22.9235801,38.90721462,22.55458823,8.865619725,40.13128161,41.86472385,49.31708586
6/12/2024,19.95232537,13.10071488,33.78743124,12.84337317,44.63806425,2.956231556,26.97043929,14.23981739,6.141461674,25.99795583,42.56736697
7/12/2024,13.3333392,44.46815525,13.89759622,33.97764958,2.903791842,15.87491459,9.816992307,9.351951276,1.90996284,34.75038929,36.86648816
8/12/2024,40.71460922,39.00623864,17.31355557,43.7968338,14.8497945,3.432155644,32.84189829,47.70328626,43.98900997,26.6013046,21.11319193
9/12/2024,34.7536239,34.26534631,0.233284636,23.6288283,44.44444785,4.669445235,46.5798214,4.609356211,43.86413831,20.5118469,18.18794421
10/12/2024,15.27563195,49.19862473,45.55175205,43.42605361,39.51437226,34.11496258,2.651149799,6.466713709,27.47937759,15.33684659,31.8388817
11/12/2024,15.36308012,47.91651631,18.75677841,10.92340377,34.58429668,44.41893664,10.86051849,9.673461076,11.09461688,7.931207075,27.98806377
12/12/2024,8.155756929,12.187454,25.72626992,49.56303451,21.08932503,25.59504315,31.41139171,39.61271469,5.55101479,7.628068732,17.47405227
13-12-2024,13.00971804,14.56964518,45.95472352,25.6262685,12.18011179,7.639735112,5.022425679,21.31394769,3.163928732,34.81943208,26.3817896
14-12-2024,23.85030616,28.85276151,33.30614786,1.689502491,32.69748892,7.038812474,34.39841627,31.28158808,28.36409447,35.65055914,15.64044791
15-12-2024,20.67517077,40.80507336,48.5378258,28.92568573,47.35049303,49.62034652,29.19312365,48.67647787,49.82781681,32.04071885,26.27830032
16-12-2024,0.757109577,7.173457753,40.87892919,47.29099765,20.91740952,35.50986533,30.91988134,34.43024395,15.51543432,28.43087855,24.50986106
17-12-2024,38.24398715,36.56407442,3.001725963,43.29778782,38.92377061,21.92020742,46.97581975,12.35551135,18.71058562,15.3594315,36.20947254
18-12-2024,48.88353562,27.14326667,18.13008932,2.128120091,23.74718015,30.22849775,2.084592642,21.59139886,18.53542442,23.68400829,46.35325986
19-12-2024,0.656718902,21.69747199,32.9174724,36.59835014,15.64942056,9.932471764,37.24861468,48.69403236,37.92384497,13.53040784,21.50658399
20-12-2024,26.96314641,16.25167732,5.205513582,25.1324954,2.940871636,18.00544559,5.394353778,18.56754725,40.04443282,10.11945519,37.34434215
21-12-2024,23.30597024,24.44302833,41.14121681,7.242206761,43.30690731,3.777153714,12.40696567,36.74280593,47.45609911,23.65251346,29.21857837
22-12-2024,17.89328636,37.27994529,35.1310413,34.85910531,14.96135992,40.97275216,2.920764183,15.93787443,38.31682701,29.05825188,21.0928146
23-12-2024,8.991542698,45.93826686,3.104111278,15.18018463,33.05005528,40.49650607,21.50348427,45.03480324,33.37799415,35.22917605,5.06630853
24-12-2024,32.18253102,16.26923099,8.206630496,20.64155219,21.69343084,2.804999588,1.194821742,12.33093731,41.20662957,6.169222252,40.12770722
25-12-2024,18.32573341,48.35100364,22.19955836,18.92865497,1.730612576,13.62438709,5.91531305,32.74419007,13.67825822,10.16214859,45.74110398
26-12-2024,40.98060057,0.222990834,49.54915185,14.71491342,0.224370917,24.44377459,10.63580436,35.83448519,2.105145976,16.25032936,16.19336043
27-12-2024,49.59026707,31.28813496,17.27948336,5.852059865,13.86394178,45.48099068,6.870587684,7.839557692,31.37318526,22.11722702,38.14893684
28-12-2024,46.76444389,24.40749745,8.791720972,21.70341297,11.19449766,30.16068589,0.362582274,43.72076367,33.08599648,2.976413112,33.07158935
29-12-2024,43.93862072,41.89458751,2.131584963,33.48248894,14.95497472,36.28333405,35.38980464,5.225898021,32.72889911,26.96217796,3.764733997
30-12-2024,10.26472781,31.3264273,8.061879555,38.97442423,18.71545178,23.14638873,43.31521983,46.87506002,40.16736208,47.63587911,47.13291555
31-12-2024,12.8722774,41.85172169,9.507401171,11.27201333,33.10782285,48.93845976,42.57737146,18.0079394,3.838200846,32.14036359,43.73212377
1/1/2025,5.65585571,42.465878,20.8444381,3.864284837,1.291826358,2.859283121,10.26465502,29.09673094,45.81643389,16.64484807,40.331332
2/1/2025,3.328619231,11.38636637,14.61932921,12.27590952,44.19178237,25.68817611,11.8713548,40.18552248,17.6929235,30.82880106,11.3264785
3/1/2025,1.001382753,1.518902631,46.60440829,35.79500572,13.87733367,18.77333916,13.47805459,46.89404433,18.85459081,45.01275404,27.6098121
4/1/2025,27.4807704,38.97879094,30.96338318,33.05275371,35.32511768,11.85850221,44.1024224,35.60610559,18.20129631,46.54043227,18.73818039
5/1/2025,10.64322404,35.55628985,20.87627082,18.75718007,16.75830963,17.3948481,36.97741203,40.36828044,23.98028812,24.62580415,17.69361991
6/1/2025,41.27579982,44.74915888,31.71271447,27.19648697,8.803263213,35.02548722,48.41892123,42.61126837,38.45314219,31.50869484,29.19716414
7/1/2025,19.95114295,3.540796306,48.25134607,21.62926388,27.88164955,35.47203409,35.94219141,15.70913698,3.312178764,43.04129938,23.16282561
8/1/2025,18.52003324,40.54430364,48.11166231,35.64207161,30.59047536,21.7156285,2.396014575,18.41280768,46.90138901,33.52081358,17.12848709
9/1/2025,47.36294495,35.19256567,48.11166231,20.96447258,11.29394423,8.645932657,48.39562222,9.330221188,46.75305328,34.61436591,8.034734733
10/1/2025,31.02360272,1.455142252,32.03396361,16.56691425,23.74204379,25.98327481,20.58890421,39.50156218,10.6905548,49.10174369,39.13909937
11/1/2025,23.14599415,27.93065226,32.03396361,41.63887355,0.924298646,15.68423194,1.637796828,17.62006269,2.09578716,46.45051057,28.20510905
12/1/2025,7.243644731,7.104771275,22.91982339,18.28997825,13.39134182,17.69611609,34.74255718,15.32424947,38.30647312,29.27583955,8.870557491
13-01-2025,44.33663161,23.14235183,12.61011233,6.683009104,28.69071429,36.29884659,43.50648751,36.5902984,48.49443004,14.69884883,28.02373753
14-01-2025,16.43113275,32.56107395,17.86230616,10.17669784,26.12053967,11.0394265,31.570705,0.442774793,41.8951596,1.901571641,27.40637932
15-01-2025,44.43131,42.63949897,11.08827727,0.606433057,0.692861436,8.91743292,19.63492249,38.00958451,3.497329983,1.865642609,19.98544045
16-01-2025,21.30506826,38.72821017,8.119542028,24.82209973,35.82872481,12.32499606,5.700168266,0.260258153,13.67286595,31.11607715,21.59245023
17-01-2025,42.6202193,9.895744623,18.98420838,8.402410107,15.30508892,8.767801856,10.95244654,41.86620449,10.21360599,39.58405553,48.62528077
18-01-2025,14.15022532,35.23998768,36.12967299,39.35385125,46.13903799,49.60798636,14.05631002,42.15491998,18.633576,26.87685496,19.4251766
19-01-2025,16.80191246,40.0735056,34.75437941,46.15266119,20.63084938,14.18766363,36.54414323,38.82664393,3.836219333,33.00170052,38.73091754
20-01-2025,46.57047579,44.90702353,2.726710374,35.76664628,35.10278217,40.56178234,47.60021531,37.61575731,18.44961249,39.12654607,43.96014398
21-01-2025,4.529580822,5.643324835,27.69517989,11.74816738,49.57471495,47.43948175,31.95650671,7.838391391,44.17012136,34.73185438,31.98522808
22-01-2025,27.05246071,3.442669298,15.42870177,14.66638238,40.11563255,39.98360219,47.97402917,31.55690314,16.57358717,18.08252147,2.01333212
23-01-2025,4.674268232,42.16635275,1.389594526,32.96266044,8.614259793,2.936360902,47.66400362,30.31170217,39.37731734,1.433188555,46.84196743
24-01-2025,24.14395805,27.6642191,22.8160952,43.12212404,45.50363295,11.96856394,29.57716364,2.720600287,8.282821842,16.16955243,21.00015791
25-01-2025,13.26392193,38.25016156,20.08280963,37.98563573,1.118305616,8.109843152,11.49032365,6.819855305,49.47425694,17.00432393,11.72555301
26-01-2025,12.01763256,20.37614485,22.77123342,28.22993652,9.453989579,30.96933318,48.73749912,18.45816533,34.51369157,3.636860325,43.74414044
27-01-2025,8.853922392,12.97027458,49.13332774,14.84012985,0.382644775,0.168425468,11.65692244,28.01009122,1.747306878,20.90874578,6.348764401
28-01-2025,13.44154428,36.86101119,9.285218985,0.556387549,35.41583238,37.97385583,43.11445539,9.230472227,4.231711857,41.87337583,10.77156406
29-01-2025,16.48477852,21.99547034,7.387628633,5.868777089,40.81804259,46.58687524,19.18438956,18.48930145,8.402698722,33.44665369,45.55060572
30-01-2025,37.5694075,28.13217812,11.94284652,11.18116663,43.0876339,7.596027069,44.34124578,13.11204368,5.224419456,34.33008315,26.63319885
31-01-2025,11.1048528,28.01556674,45.02942212,37.77765318,31.30606711,45.28319838,13.34868462,41.41465439,3.475383256,44.26587032,16.50355709
1/2/2025,13.5370543,43.76627764,11.03237351,32.45653358,19.52450032,15.60358265,36.93360011,40.90961899,2.575829734,29.61901782,1.454104485
2/2/2025,15.9692558,22.60055794,34.32646297,23.15014042,4.269662933,24.82903513,11.04593673,1.292224979,32.76186565,36.27012347,21.90164358
3/2/2025,16.76818001,15.37302214,46.53268414,32.88994795,10.12750749,17.08666078,43.58323456,39.84349492,7.640546237,20.48502369,11.56550353
4/2/2025,7.281224783,36.49645484,3.135408935,24.39604833,29.84910541,7.153734581,26.40744384,28.94376102,14.92282604,49.90921228,23.90203393
5/2/2025,6.173948206,27.53120792,47.5199079,43.92083657,37.58078368,26.09127114,9.231653117,29.47141628,22.20510584,2.217252615,0.287977098
6/2/2025,7.891257058,18.565961,27.58774483,17.95620928,5.762744009,14.82744178,34.39743799,10.33993688,37.48038066,31.87072862,31.85543592
7/2/2025,48.26237888,29.0221778,45.67901685,8.872000303,35.58771298,3.563612418,39.88386373,7.260765133,22.99215977,38.53470156,46.75936071
8/2/2025,44.49079753,44.98150086,21.65028423,35.65488263,44.36244581,6.933739746,42.64515912,49.86857856,24.89949024,46.34385306,34.20389349
9/2/2025,32.9407168,28.76307858,44.58141139,34.52526275,4.130216574,10.30386707,41.21015965,32.78315241,26.80682071,41.23771886,15.12203818
10/2/2025,47.33717655,20.86378692,2.984310231,32.38854058,49.92624242,42.19748036,39.39882647,22.26455278,1.766914807,49.86998212,6.839497067
11/2/2025,6.072248969,45.5676875,24.93946382,31.88061369,47.80260893,11.29407073,46.65062876,18.78930098,37.11261668,32.5501888,40.16672288
12/2/2025,31.79020636,15.65248758,10.99626902,4.679974564,38.21482951,18.23299858,20.32455131,26.54934701,40.05324331,47.67959233,6.836718106
13-02-2025,24.23535062,28.49046938,49.39945726,43.70937745,31.3201723,33.81571524,32.41831729,2.976227658,22.02627322,49.65148177,7.01594389
14-02-2025,27.88796448,27.21105492,15.26242882,10.8507761,40.07915195,44.96460745,28.56076096,4.321101304,27.57578503,1.498985766,30.71684568
15-02-2025,45.80987014,14.53726546,45.10897379,6.114573893,16.51629115,31.41089668,22.20238546,17.13997242,31.92561196,42.33509997,14.60914689
16-02-2025,10.6277088,34.94217509,44.43163802,13.78764661,27.02892422,17.85718591,14.02961977,22.52702569,16.92781389,29.99810401,5.085029514
17-02-2025,21.6922578,48.26961908,38.96163095,5.165180792,0.174672023,4.707030605,21.066875,27.91407897,13.77915052,27.34909524,22.56406938
18-02-2025,40.64770682,11.16957409,12.56575726,45.10231652,24.44054585,19.24745332,35.42851967,21.43165124,10.63048714,44.92114882,13.01519519
19-02-2025,6.274452541,2.85447788,8.857087963,35.33926033,11.38738464,11.16068159,17.3052732,31.39899411,18.71266958,31.58557693,23.52393776
20-02-2025,21.67435032,33.07885235,2.150640377,3.418569008,37.02896819,21.03139371,11.37856747,30.21728353,26.55752647,19.17739229,26.70690344
21-02-2025,36.83564498,32.38985533,21.26894067,30.46466042,29.88704827,30.90210583,42.78107958,40.21649729,19.41521321,21.86918369,36.18775361
22-02-2025,8.860441373,49.73143936,40.07422779,47.72845976,33.3413223,8.82035256,7.918352253,9.636911381,47.23157497,33.73224164,15.55298763
23-02-2025,4.564397264,49.88447245,43.87178421,5.528863802,36.30679303,29.58802576,44.66122242,35.93202236,0.088541176,20.20106186,24.23973431
24-02-2025,39.68027334,39.32987307,11.74495928,14.5447653,16.3623309,18.75579495,32.78761259,29.02307576,38.30621448,41.22901314,12.89611616
25-02-2025,19.96394653,2.369845816,9.46937271,11.86793185,33.42849552,26.89360192,45.8828414,22.11412916,2.319683991,35.05436905,8.720263766
26-02-2025,48.95949352,48.51917772,19.89238131,0.668885153,13.7630195,40.57177089,8.406138958,45.18406057,27.91918419,28.87972496,6.163855362
27-02-2025,31.9298916,45.76739324,30.31538992,25.48978,26.55253718,32.90866426,41.77159344,35.24158687,22.66233006,15.71717046,22.83517516
28-02-2025,27.05795108,43.01560876,38.87247397,31.43223385,36.50196254,25.24555763,25.3570885,25.29911318,49.16910678,26.929487,5.003566938
1/3/2025,24.11290106,28.41176469,40.20341593,37.37468769,16.7546368,46.84865969,4.709603232,6.548808207,45.2685973,39.20833572,21.59764118
2/3/2025,12.07708818,25.39740062,42.91059612,14.06414125,28.45492788,23.35424871,14.07530908,44.35993294,6.724134475,24.52347438,26.49144755
3/3/2025,25.17842723,22.5960669,48.36720312,45.35308451,40.15521895,42.95820055,29.63550493,21.0380932,6.724134475,19.99163481,49.37707527
4/3/2025,6.048654567,22.29349631,14.4669027,3.676131634,39.938867,25.38050008,14.34549688,41.61064328,17.22959713,6.939932005,47.41872927
5/3/2025,3.141613476,23.22243367,45.43718699,29.96391074,38.74611863,3.658719114,11.04399211,20.25105134,17.22959713,37.07815477,40.79394574
6/3/2025,26.06552434,48.26051668,45.22615184,14.44550061,19.61978848,44.19989552,37.4577465,9.602907035,38.99440096,6.780094332,34.16916222
7/3/2025,18.21633165,36.35088941,33.16712392,43.23549813,0.97355544,33.64713202,23.11830486,9.571904495,17.65232292,14.02896131,30.00167718
8/3/2025,10.8163744,24.60925411,21.108096,45.89673404,47.10380315,20.88499535,23.59795592,27.94724569,25.14851706,18.80515124,25.83419213
9/3/2025,19.74206282,36.82682161,1.542516447,17.73789802,20.79512403,8.122858678,47.53936607,14.99649581,6.372386941,21.13294954,47.43949156
10/3/2025,13.38595096,36.96058574,5.329746096,7.798942079,30.47990346,46.42293182,31.23134257,8.270099945,26.29561771,23.46074784,26.94130506
11/3/2025,9.196773015,24.7037269,39.9807488,11.72599932,18.60635952,49.78231385,39.51275921,32.96756078,28.83352697,1.205552566,19.06455339
12/3/2025,1.80710461,12.44686807,36.8472371,24.46271038,41.58720933,2.788546375,44.43415658,3.836147242,36.86782659,12.5909148,15.51367121
13-03-2025,46.54779027,29.82399069,6.633948678,12.19924399,13.81266152,41.16489967,8.009780558,48.99188787,38.17966728,4.270053126,11.96278902
14-03-2025,32.81053678,47.2011133,26.12057803,48.23725245,29.44479345,5.97362824,45.02613841,1.379616408,20.66130746,33.8538716,8.324049991
15-03-2025,28.14291937,10.15217327,45.60720739,4.324492378,36.63467156,16.92806508,2.685865674,43.59262996,42.1871675,40.52343888,21.05185478
16-03-2025,19.73760206,23.75596351,0.946109087,2.110430206,26.70323787,20.79748716,29.07226462,16.10121896,45.56937361,47.19300616,38.48671752
17-03-2025,15.84666013,20.16636243,6.984496587,17.09124516,15.67743129,24.66690924,19.17275996,22.79765206,20.25696945,29.88021295,0.253915852
18-03-2025,29.56560035,2.735563321,26.44386804,20.02084815,23.89468709,10.098895,22.80881303,40.8110909,47.97432265,18.64818247,4.965746883
19-03-2025,35.31483521,20.84667042,22.89083676,15.64278877,24.69726785,4.003334333,18.66244032,15.93328324,7.282545196,40.58074394,33.6593527
20-03-2025,39.00374016,7.169025191,48.91741017,8.331900511,23.70383506,38.41496776,3.687841267,26.63425636,19.4483962,37.41616597,17.46688813
21-03-2025,40.96299697,18.23972526,24.94585415,1.021012248,24.32074769,12.61196338,31.08919883,31.03809041,14.85360143,24.28001222,48.72618721
22-03-2025,48.95901342,49.842944,33.87767126,20.72081401,24.93766032,22.67449594,3.108610133,0.423181742,14.11171986,31.67130933,19.28905783
23-03-2025,30.83208013,0.284308631,30.93028166,4.567718632,13.56181456,47.94211749,9.06535572,28.46470692,38.66490999,4.028009752,46.7032546
24-03-2025,8.479110402,43.43524871,10.12866363,1.314383295,27.8532803,10.99935937,41.45271511,28.46470692,48.29058744,22.99953682,11.09563824
25-03-2025,4.752931926,25.79426386,15.32573464,38.55347138,33.31270639,9.159977543,40.61956148,24.6940359,34.51296201,6.719000588,28.13244334
26-03-2025,33.80268652,19.59211944,48.98716633,30.59043708,16.2532976,7.320595712,30.07431596,24.6940359,44.30642145,12.88423725,9.38161245
27-03-2025,43.32825071,8.046715971,45.23867479,14.49010775,13.87614452,27.43960274,15.36862186,36.72707187,18.10028535,15.68820823,37.65889098
28-03-2025,36.25764811,9.927448853,47.02727859,10.25806982,25.62915198,47.55860977,0.662927758,33.13125815,7.620232418,10.2125939,44.3884497
29-03-2025,17.12357749,28.06645607,38.1687875,23.8785211,9.581301624,2.688869611,8.122430133,35.76299741,34.76228362,10.04099205,42.95649684
30-03-2025,42.28856526,5.376948092,31.04477652,12.96014146,22.28675887,23.05737241,22.02819601,46.63787804,22.75774505,48.51791472,8.784802167
31-03-2025,17.6247224,32.66657123,5.065658077,23.44931869,33.73622679,19.33963872,0.633803638,41.7937242,36.09075198,45.60347211,25.68591028
1/4/2025,48.26357092,14.66228503,26.58027602,13.54241736,30.13146793,10.60811286,13.45120672,11.93588318,9.490703157,18.97131544,3.035108946
2/4/2025,31.28993937,40.64992969,25.41247914,41.43396201,11.91987822,34.54795076,5.043758599,24.14033805,44.96131256,15.82858423,11.00988376
3/4/2025,32.93763745,12.44246103,28.66424629,25.36697978,8.974575286,33.08724901,38.91818122,6.810297293,0.165727136,20.5383528,26.36727282
4/4/2025,26.61642851,12.30928631,45.58689575,28.58333633,5.633720367,3.064571087,5.029962324,12.5468352,39.86024757,25.24812138,41.72466189
5/4/2025,11.63586777,18.53983613,22.03597235,18.46867176,6.342950434,26.85193188,37.77023863,14.77651034,26.50277438,6.123512064,30.07579917
6/4/2025,1.137665706,28.41468896,4.28994097,41.47032039,17.21454095,33.72802166,16.59173397,10.79265176,8.496054418,10.42933917,6.855929471
7/4/2025,20.16903635,23.16662284,16.67094492,14.44884671,2.097484917,32.67115739,36.06782034,32.3860055,28.11681242,44.3299166,5.509108056
8/4/2025,16.34584574,7.825808542,13.33899235,38.39387139,22.70588512,38.84836248,40.03369282,15.4187124,3.180262693,33.93882437,37.59279873
9/4/2025,13.38530469,38.00541399,4.27065105,14.73843876,25.93147742,30.23614619,17.89441137,42.02416843,20.11239676,24.45829075,30.36229366
10/4/2025,10.42476363,27.13512619,48.47302196,0.261601068,29.15706972,31.89496227,24.70888183,16.44229873,37.04453083,14.97775714,13.73362865
11/4/2025,7.027201608,16.26483839,10.62727785,41.46166766,28.56065409,15.74267762,18.08949102,45.19405786,35.27830299,25.72229805,23.1425639
12/4/2025,26.41094585,9.920471939,42.06650357,2.3966731,35.27219849,46.55629106,40.3170954,16.52825382,2.438612169,42.83540441,22.7524913
13-04-2025,31.20795115,46.51621741,44.06225217,30.80068408,14.45843454,11.83658883,28.42776829,14.81900887,24.93290713,5.145809668,28.07979939
14-04-2025,42.48488447,49.75312331,17.22669498,20.24630942,44.18163206,8.811275206,8.618293554,41.61547527,23.19229808,42.3858737,42.8678625
15-04-2025,45.32265046,36.34760744,26.68724629,17.22840679,41.33572129,0.52787991,19.6326639,49.51067007,8.451142872,46.96025332,28.48457489
16-04-2025,21.79072982,17.30410032,36.57253863,34.75448835,20.8487096,20.97996756,2.453852777,28.19516307,28.93660964,42.40681559,43.84739456
17-04-2025,26.56673979,17.71464933,34.01880027,46.80328848,27.0989163,15.56784647,25.25455033,33.95473394,20.14375015,37.85337786,28.49553719
18-04-2025,5.642122485,39.11785364,36.7957598,8.976401753,12.41731945,23.96529556,21.62784328,40.9259862,37.28239447,43.41693813,40.13912313
19-04-2025,35.33243168,5.790334737,17.94708039,30.10079587,1.027569741,15.3490981,21.0694704,48.33365989,7.204138899,5.965077502,32.02741429
20-04-2025,29.10551977,8.050851412,5.912907873,39.10255656,30.01293918,34.08025388,4.144079563,34.19444746,33.18253129,39.6561283,30.39548767
21-04-2025,22.87860787,10.31136809,19.25195492,37.05614677,45.42577886,47.40189068,36.12120751,30.38238486,11.60780659,38.66324428,36.7330158
22-04-2025,19.54201828,25.39974762,6.140614304,35.00973698,44.79234488,31.47527762,1.531371322,2.213672851,29.46805261,2.294337269,40.38523126
23-04-2025,16.20542869,24.5845806,44.46191986,26.2599657,1.869542294,27.87200267,46.46169628,9.255733608,23.00890408,41.27139617,44.03744671
24-04-2025,6.491102732,22.86718579,28.15924285,17.51019443,0.581244001,23.61674634,26.74363209,15.15148265,48.26151218,49.07168047,10.19191227
25-04-2025,45.45635139,43.35671104,11.85656583,1.083735743,13.00644665,25.41339933,19.08816266,21.63258339,42.65923665,11.25396548,27.65644053
26-04-2025,41.21727296,45.89271532,44.03398272,8.286208714,12.69649249,34.43353661,10.59449428,29.62927269,32.9898688,35.34193718,10.2839866
27-04-2025,15.87321917,46.6888081,2.367661627,0.050225683,39.77300842,17.59280335,19.20864999,33.51461211,42.0677154,3.615209402,28.51848791
28-04-2025,5.114834397,40.34204665,44.83322799,27.24955819,0.644880102,48.11993149,32.60492807,37.21972082,6.653232746,46.94605936,40.8399769
29-04-2025,20.75336897,0.268305759,30.2120136,12.60467915,47.81708221,15.74595408,46.00120615,36.94699176,6.57877839,4.606072958,46.61358247
30-04-2025,40.47307763,25.91471043,43.19715166,10.80786815,19.25334199,4.221908439,25.03787804,30.68894976,48.15017682,35.69413928,0.874985249
1/5/2025,13.44238152,17.49948801,27.0929583,15.40336343,37.91802058,37.02973132,42.90471868,42.72938445,30.4761391,19.54682334,32.12209245
2/5/2025,43.77674446,13.68858569,46.66635167,28.73753988,31.63370311,1.860460085,23.9690704,15.35325531,38.58874283,29.57865706,12.94130093
3/5/2025,16.68594881,10.58509434,41.79105139,21.35349315,4.300620177,20.13569036,12.14027165,37.2761974,46.70134657,0.680664564,22.59137066
4/5/2025,28.22323067,8.489253846,35.81821286,23.64930934,19.70137624,32.32384371,21.60977727,18.84637612,12.40565026,5.757284372,18.43101139
5/5/2025,17.87483076,24.28877632,45.75815417,19.47104803,34.17629312,38.48966962,18.8125248,36.66126584,44.29305365,5.519533294,34.79421914
6/5/2025,0.733924976,0.261690409,31.81835311,6.213621007,10.99463676,23.02678027,16.01527233,46.69956938,1.900543149,40.88558798,43.7528466
7/5/2025,13.3375355,47.02708824,14.28874086,3.660774455,20.65918992,38.87384739,15.27037515,6.392843723,11.41588469,44.84000929,6.583999043
8/5/2025,49.65988339,14.67610034,42.87639227,4.408274936,38.4603959,47.68221743,16.21205248,31.21542583,7.883127005,46.47493807,2.044921228
9/5/2025,2.769517387,34.72609943,42.57707088,1.788988935,47.75072347,18.36862372,35.02914811,41.24090378,23.62595263,49.48045832,4.627391407
10/5/2025,15.21728705,28.21849153,32.16825467,29.99637066,48.71265704,25.89371201,9.394828671,16.21773251,33.42128149,24.34551714,49.47058416
11/5/2025,1.813119209,7.362211466,14.13317228,35.27007557,49.6745906,33.41880031,43.40693316,37.20756981,48.24322013,21.29339803,25.51420297
12/5/2025,13.07639271,7.235605225,11.34399984,20.17659366,1.673304676,30.58747782,33.9801482,42.10640025,17.033609,22.91630374,24.32963869
13-05-2025,14.81022173,11.87295784,34.79856203,5.083111756,44.73263623,20.46325558,2.539035623,31.47988536,15.59998533,48.11981555,2.534028568
14-05-2025,33.48824738,49.83569522,29.80488557,30.52855493,30.97697751,39.43086444,2.539035623,19.33634444,41.21923095,17.32436635,22.93499885
15-05-2025,47.52194961,24.75253593,26.04272968,18.54237174,25.47675254,46.64402347,48.3396355,24.28682558,2.088124398,48.86299885,35.12742931
16-05-2025,21.58543883,42.45538335,17.6526761,10.86479963,19.97652757,42.93533202,48.3396355,20.99810441,19.12453035,14.30481963,10.63572871
17-05-2025,1.875816628,18.99151825,19.30359306,22.04222191,2.893119722,6.13970724,24.45662646,14.3619219,36.1609363,42.42532388,28.73657406
18-05-2025,45.63647437,18.78702639,20.20549243,45.17851716,42.9964111,33.21579185,47.71925597,11.68986232,45.12241234,30.98139511,46.83741941
19-05-2025,49.8858425,0.019826275,19.14332845,42.08934393,39.38893397,28.34317575,36.57688836,27.63129878,44.3730708,30.3498202,3.737185292
20-05-2025,29.18721285,28.45057601,38.67139031,18.52702201,22.19228624,48.86309664,22.92188278,23.80294191,1.849686737,29.71824529,31.81204741
21-05-2025,15.8631357,29.61511357,7.518775799,42.60767881,45.29886946,40.24875799,17.68064022,16.55224893,37.28829726,27.31218301,2.325147594
22-05-2025,34.73432216,42.22402686,19.61441687,30.4681829,30.73471363,37.29701448,9.305240934,36.08258928,14.86543396,23.40208749,32.27312117
23-05-2025,21.2145988,5.411001286,11.1417749,17.18233421,35.02401404,38.85972287,32.00969078,2.205182796,43.05310202,38.63954964,22.59106135
24-05-2025,7.694875444,22.86505406,7.510768412,6.885418988,9.551890599,37.81910651,7.047346784,39.91506537,28.8524048,26.03427924,1.078187814
25-05-2025,20.95939467,40.31910683,1.188418966,9.354966298,5.503410155,37.92403121,28.67853542,21.44151127,11.60576092,39.54644212,25.56963999
26-05-2025,27.80092619,38.94502494,23.25884823,5.03975916,48.12688768,46.62665177,16.13084074,39.37893821,1.266302047,39.54644212,38.39373913
27-05-2025,15.81518892,42.10608404,15.04096681,10.21311491,20.13263122,27.90092965,3.865670993,26.48666286,9.643076988,5.13337614,19.17300892
28-05-2025,37.33995906,20.69068398,1.996517599,21.18283895,37.19431555,25.17152415,45.93633316,14.23693612,39.45650196,5.13337614,47.75212037
29-05-2025,6.743760266,36.7661463,28.8750169,49.16361822,14.17679977,25.83299169,42.67032316,11.87041085,39.48440139,22.05541051,28.25040393
30-05-2025,37.63153077,1.636890119,1.647218764,47.08757776,17.37186889,26.49445922,11.57602378,22.61497007,33.9484418,32.2571006,37.23324527
31-05-2025,32.16086357,14.64044045,48.17747376,46.60853744,9.90041236,37.2039868,15.46726308,14.81621415,40.0288977,42.45879069,44.90591332
1/6/2025,26.69019636,27.64399078,21.82045478,13.05413878,1.634316998,47.91351437,19.09434551,41.1259961,46.1093536,16.89572286,42.03408517
2/6/2025,21.88845974,4.187216413,12.36135112,23.85594672,10.72527142,38.12273943,5.862569758,2.706928295,32.76802104,35.50356143,11.86752177
3/6/2025,22.50656066,17.18514399,38.09086877,34.65775466,1.849256241,12.88474952,14.2553606,13.51126232,24.89856481,25.47950845,0.056140099
4/6/2025,20.15427534,9.321003813,14.7774408,18.80821049,10.67380347,10.12205988,7.620512384,39.17884148,39.60418363,20.0243075,41.07429966
5/6/2025,18.43826106,1.456863638,31.64376831,13.13835518,30.25256421,11.15636827,34.90407341,28.86673619,34.27800938,45.94160523,26.33460446
6/6/2025,43.35949389,35.54925219,39.88908679,7.468499868,1.065982644,8.582180952,14.94954552,4.912819105,22.77720487,5.604356896,45.64483353
7/6/2025,39.17014374,33.02948341,46.65209784,10.81730449,17.84742125,46.51896081,39.96506886,10.50154136,32.15113662,25.55467285,25.2935037
8/6/2025,11.13694072,11.50433252,43.7979258,11.98766558,18.17911856,0.147973898,14.68345832,8.874376382,41.52506837,35.19115756,38.02103329
9/6/2025,20.14978557,11.97555724,29.28332471,42.66152937,17.96825929,40.09627386,37.99368842,28.6141027,41.33648941,30.79135864,13.29817027
10/6/2025,27.31881444,32.27280094,14.97018738,25.55436574,33.45080829,5.430735543,13.10483456,33.0758587,40.63180251,18.15144604,43.80002611
11/6/2025,31.80980332,19.11726016,8.994302656,43.73480783,13.90266487,25.58705014,43.92051241,16.30922426,38.56797368,5.511533439,10.18515564
12/6/2025,39.286654,48.18321162,41.94469655,29.69340431,26.84912745,44.84973258,38.55000941,1.274121533,39.75967598,27.92499757,3.849146675
13-06-2025,15.56372339,31.85915354,42.49374002,45.36838607,39.79559002,45.9671886,37.27032579,24.56607486,0.23331365,40.90627225,20.78601953
14-06-2025,49.87574871,32.03335545,40.68382432,21.17000471,13.74829143,43.68580478,3.120763088,44.43783024,21.24710055,2.288695011,37.72289239
15-06-2025,44.8247009,36.72998562,6.474308422,3.167912893,26.00382579,35.84869719,40.6529275,13.86516671,9.790461175,32.13720259,36.75121717
16-06-2025,43.40410056,35.67019866,49.07949763,38.03782738,13.6932343,2.497864423,7.257008855,9.254032283,18.98388092,3.363887086,18.01232238
17-06-2025,46.54555546,0.523938436,19.43397069,31.92314081,25.55342626,1.756775437,13.87087867,44.99964252,41.26642153,42.62063015,3.836282855
18-06-2025,45.92639801,47.47928273,45.4880594,10.49299973,14.55610157,23.85883864,47.65194843,48.44165624,39.47086055,45.46033591,0.527255584
19-06-2025,12.07357635,10.60376553,38.81007906,47.25012674,43.35921076,45.67166272,15.07176451,35.70662357,24.01317754,12.89076131,36.29882411
20-06-2025,34.95326902,21.03367266,1.081099812,46.31190148,15.25499731,18.28255615,9.252893833,23.15174804,19.81590231,18.00784355,36.95596642
21-06-2025,6.028937139,28.71151761,16.42404662,13.09001149,26.27876211,31.03016678,14.24947305,8.77512786,39.32502091,44.22419817,37.61310873
22-06-2025,13.11283794,24.79170619,6.286575863,11.67751118,26.88417604,6.269183367,0.060280678,33.84462668,12.54906078,39.68806269,14.32217941
23-06-2025,38.39232042,38.82609699,44.1117498,10.26501087,43.58524772,19.69164685,19.76969889,47.95335835,40.68822392,44.72255984,21.65585842
24-06-2025,39.30499222,4.407023587,8.423322174,9.411653155,15.63452928,19.31786421,20.51479215,26.58909363,45.10788581,4.91267546,43.47382391
25-06-2025,18.72596969,1.614635466,48.78023657,18.47294244,14.76389578,3.448025576,45.45698249,9.262755648,49.5275477,8.021225837,18.71983529
26-06-2025,24.97608195,35.55632547,13.68291637,27.67440234,13.22844556,19.05517586,24.10590134,37.45417279,29.95659509,33.03889619,17.43837317
27-06-2025,41.80841843,28.02614471,15.2610927,49.49698877,45.70631627,14.9922567,15.7600174,39.91699989,31.62681887,8.361791101,16.15691106
28-06-2025,25.27692272,20.49596394,7.902100298,42.95400648,17.82991405,40.79630035,24.11178981,25.67856857,24.25024868,1.215646755,0.709428215
29-06-2025,7.882313643,2.560868398,28.23095519,18.73571083,44.74632385,28.44029016,34.6810139,12.10883772,36.73968639,11.9267065,15.60470552
30-06-2025,4.91270091,9.90317368,18.62307016,6.067059298,43.34978511,9.832022518,29.77896527,11.55590941,34.4204117,28.66748659,27.0812913
1/7/2025,34.07597751,38.61699489,17.50332813,29.85282906,22.31779296,15.12553294,24.87691663,0.823135112,27.73282044,41.69747939,48.93274589
2/7/2025,14.96980847,41.75861221,1.111041813,48.82237505,5.405841144,22.46362722,25.78079401,25.059156,22.90004544,32.48101516,13.98608572
3/7/2025,10.60062905,25.09538963,33.47089812,3.647750249,39.47927266,21.3132453,34.85139612,37.74245848,30.54188219,39.52505965,43.52963476
4/7/2025,44.44348818,10.18619214,12.95102229,9.454911694,34.15164452,41.83500491,14.23718973,30.32826501,41.64090954,38.81650399,3.853642103
5/7/2025,7.148462339,41.03084334,40.33792141,27.27328953,0.650869083,27.32831068,43.40796486,1.14118677,23.75450314,20.12423704,9.287369702
6/7/2025,1.182808937,44.27113291,41.8386141,31.12273254,22.9045159,30.92382688,43.1148458,19.51286057,5.457461177,1.431970092,26.6862711
7/7/2025,32.92926442,5.625218652,20.08729898,30.45097467,45.15816271,22.46551553,3.796806579,24.29898262,2.485812513,12.1263183,30.4057353
8/7/2025,12.24520597,34.40967312,35.09723474,29.77921681,37.29397168,28.70392696,41.93938338,30.51815032,48.45373174,32.22411935,34.29112222
9/7/2025,49.29056498,39.97532534,21.97017463,48.40979967,12.6670899,4.665550874,20.49498388,8.534089797,41.5789918,28.38820862,31.72424215
10/7/2025,47.84335864,12.50675422,8.843114533,30.18966689,47.8545573,35.42226414,19.72789489,19.37258838,16.37607008,31.33390084,42.90079671
11/7/2025,37.6462778,37.06559582,28.5511775,46.7915688,21.50900815,35.78317436,49.70874453,30.21108697,10.26346791,21.49942841,11.03489292
12/7/2025,21.66980475,34.39098764,4.410197613,46.5478393,13.32172248,11.97312847,27.73483127,9.871281212,28.75671543,27.10180922,40.89230212
13-07-2025,25.4082749,40.82435733,45.0041149,8.518762924,38.0063291,42.20424489,24.14693137,11.80958856,46.61455034,32.84942478,26.89659304
14-07-2025,38.13828056,20.57267055,29.93890209,21.08499574,0.826319728,5.511612951,10.88626614,40.52043182,49.68303938,31.43273907,36.43985986
15-07-2025,10.1634132,45.10792707,13.42487279,23.41307884,15.65745193,15.01232204,46.16813152,19.48327866,39.22829761,32.83854,33.93023995
16-07-2025,9.701948524,44.75794479,12.7224274,36.03875355,28.03330141,0.069856924,10.59686112,24.95085664,2.567522744,46.56527573,22.37844295
17-07-2025,9.240483853,19.90496128,21.34603131,45.78800505,37.90974984,42.41204991,30.92341803,41.193623,46.00536976,17.58420861,10.82664595
18-07-2025,7.703495849,0.115319781,9.11968408,18.66103445,44.28352767,30.54161463,49.38182681,20.22449929,18.66898542,48.15755056,20.41889685
19-07-2025,35.420828,17.55100771,19.40994907,4.384657637,13.15463058,21.77371064,4.647914546,41.46893093,14.31258123,26.88168481,11.50253114
20-07-2025,26.94966708,26.02405664,0.958681235,32.65079158,17.49943726,13.77303247,48.91490463,31.9992779,9.956177051,16.44076869,2.586165436
21-07-2025,28.56864392,18.62750101,38.10896122,19.57814264,8.60040897,32.7613186,2.587818246,29.69759142,27.37645689,16.32837593,15.25949583
22-07-2025,39.77591104,41.21294222,40.5584666,25.41283298,35.61961436,11.5742803,19.90572453,20.0968712,2.240495771,27.98902005,27.93282622
23-07-2025,27.76419373,26.83129985,18.08333344,13.21301382,7.755481163,30.10708636,3.671324517,15.78699377,1.750285389,45.46446737,36.3215613
24-07-2025,48.17230335,25.83420921,43.67628124,26.15627937,2.424014323,24.19146644,35.52158377,3.218353704,20.00487149,36.74062794,16.81850095
25-07-2025,39.90714201,30.02461387,49.8911506,33.48799094,10.67127403,0.146355183,36.96497119,32.90190251,9.38541862,14.02541615,47.08081414
26-07-2025,29.9813644,26.80780253,48.9257899,22.63447733,30.48107937,33.62402295,8.729090454,46.66275424,23.28435103,18.88837931,40.38897606
27-07-2025,34.08225759,30.9853781,36.77371798,35.95846559,10.31062452,40.32222895,28.91707695,6.196733904,43.42443307,23.75134246,42.66224872
28-07-2025,9.63477183,48.73371699,25.04167287,44.51281312,6.84278293,41.38616221,38.37140444,14.84447882,28.73519724,13.7154385,38.82295312
29-07-2025,15.89709208,30.33432611,39.67947272,28.52676612,10.01224248,35.34558369,28.27746502,13.76394389,0.600889383,28.88230043,45.56258734
30-07-2025,3.974602524,22.95275503,38.27005578,26.0383821,13.10911121,32.17908935,9.403570797,12.68340897,32.12212056,37.65922376,5.032868869
31-07-2025,25.98324735,42.52265977,0.616890956,4.857487295,16.20597994,0.211209489,17.87264102,3.124692709,46.88763352,47.41680011,20.10032579
1/8/2025,24.47607886,34.98257571,36.50379034,40.06096017,28.98229338,29.56218613,22.92549053,3.489459347,11.4876558,12.10695816,9.91391416
2/8/2025,3.975456565,12.33780008,30.23245724,4.548786508,26.52556526,22.66742761,27.97834004,30.69523873,43.28235377,49.33460916,47.57361555
3/8/2025,3.084921901,37.90420486,13.20821278,47.07636154,16.8215617,20.02388482,30.24877405,49.30167379,14.05355197,14.26062803,5.078910548
4/8/2025,29.66442442,3.059131175,26.38662428,39.23146606,2.503283652,20.0644,4.051351766,28.13732391,35.65501282,22.92090275,25.83363362
5/8/2025,22.09485769,45.41501922,30.48715516,7.610932947,20.05730705,8.173074963,25.7358544,33.28972503,39.25114997,46.15824266,46.58835669
6/8/2025,14.52529095,32.46666786,47.46676503,12.89889136,21.34061789,41.06435619,23.23943785,40.43363174,32.17905598,35.4568565,13.6698534
7/8/2025,13.65546346,8.411169908,48.44342923,0.664603225,22.62392872,24.52472827,20.7430213,23.73548377,20.53708003,24.75547033,11.72493002
8/8/2025,20.19104591,45.97280988,18.8792171,48.81998438,27.64698,35.99264773,32.38528668,12.92661025,36.84715837,23.9217841,24.02638411
9/8/2025,26.72662836,41.69299341,12.04563042,47.79166096,19.85541019,47.46056719,43.52829653,1.2235379,38.93401697,4.452164191,35.13385672
10/8/2025,6.308265087,37.41317693,3.543167516,24.04436416,19.29840245,38.02954912,1.101708065,20.09906951,24.05542123,1.786712593,13.32350643
11/8/2025,37.41858214,35.31990306,24.43107343,15.24513129,6.86770573,13.88657267,36.70022142,28.31074116,13.75839397,0.118761755,6.492664673
12/8/2025,5.971277258,4.455937183,24.99778357,22.94501309,22.05623771,11.52394582,3.32090124,11.97107347,23.85877327,47.01204852,18.40532724
13-08-2025,13.1679701,5.413424968,46.62511557,22.94501309,46.81529146,5.500248711,13.99354552,47.66975399,23.87865313,22.56418338,9.738271478
14-08-2025,11.86122622,31.94309063,6.314403734,2.825995886,45.57371025,21.60466748,30.6297746,17.21867286,12.22970079,37.61071889,12.15904108
15-08-2025,44.56892069,23.70533771,18.73558126,2.825995886,30.00190075,5.682668403,27.37354361,43.17612518,31.27616632,29.54409973,10.7245499
16-08-2025,19.83506229,37.9764048,18.10067887,43.22316294,14.43009124,29.77716425,38.51529963,47.66324841,40.20785426,21.47748057,4.173319718
17-08-2025,29.77672875,32.06064464,20.26635414,49.17934115,29.30687119,47.02586757,29.04170543,10.80464023,49.1395422,47.0938005,31.87334389
18-08-2025,33.10817014,47.89852449,47.8772103,9.684168709,19.06407018,18.25431447,33.80339898,44.91779595,38.62525606,30.89063165,9.53733966
19-08-2025,34.07571517,26.59638197,22.1580278,24.95339228,49.6388496,36.70192,41.35662684,39.25927479,43.03692758,32.63736054,41.34235203
20-08-2025,28.55885912,7.615981502,17.59910097,14.82467103,32.67016837,9.516328183,10.90597507,5.537345848,37.77394302,24.29020438,32.92011973
21-08-2025,23.04200306,46.94566601,27.40068023,29.48327793,18.43817075,4.122654226,32.17068811,8.350007027,32.97053571,29.29687523,39.07468735
22-08-2025,25.32342554,29.80591363,7.884633781,25.27198563,4.206173133,19.97063595,4.657372008,11.16266821,35.15266749,36.19137285,48.58703603
23-08-2025,42.69697597,33.17957057,14.99978853,19.25059395,12.50716834,40.29874995,5.774015529,39.82196222,13.76355546,43.08587048,14.07866906
24-08-2025,34.23906055,36.5532275,1.840279127,20.63490056,45.67522513,16.94286904,24.70321148,28.72348821,7.443431876,38.10216132,25.46188957
25-08-2025,6.555715775,25.47558693,14.18962896,8.032365759,20.66274148,3.82323042,40.28001514,15.6659568,22.52411305,48.83058043,18.78518733
26-08-2025,25.78533215,45.56111305,26.5389788,46.76505308,12.24916041,42.32615789,42.69021061,6.596898104,41.22215235,18.26080848,21.10903611
27-08-2025,49.54360525,25.77950652,35.09396751,47.60383616,11.97380767,1.179505261,14.47754088,38.70384437,2.517791871,20.52756516,39.80547326
28-08-2025,13.89779294,27.15341951,25.02429215,42.65361415,3.701634327,41.34041084,49.09781915,34.77929949,13.35007682,37.13793328,25.61480781
29-08-2025,40.1284161,26.41274509,19.54680495,2.332004409,12.30172495,20.57642644,0.194558274,32.9916442,24.18236177,37.76371378,11.42414237
30-08-2025,5.270739444,22.94940543,14.18174932,17.71925052,23.50010298,14.31630031,31.11887611,42.75226552,20.4101908,28.11163369,30.19407395
31-08-2025,24.45894324,25.28540466,28.82539168,33.10649663,38.34168255,2.016134082,37.6204369,39.86963423,26.58069005,39.61298074,27.89704219
1/9/2025,28.92097128,46.08080137,41.15507414,3.6732948,28.09626141,39.76177678,32.30114276,20.54290159,32.75118929,13.26670796,25.60001043
2/9/2025,11.41438647,18.96884526,9.763540898,25.04546338,47.76285058,49.68899577,6.905235714,41.92791194,34.26615877,32.7144526,27.88918708
3/9/2025,12.66550519,45.15640542,0.910672335,3.370923952,32.86422522,40.58112129,5.33990474,40.3811185,35.78112825,24.28890156,27.69355534
4/9/2025,38.35263096,7.395068852,21.72454586,42.1487082,6.456055944,47.31320702,11.33448019,13.09448533,6.485023655,48.00553257,2.522418883
5/9/2025,36.90817095,21.52211753,1.674298501,31.95680305,30.6328839,11.90816442,34.97255688,26.33503057,17.79476855,28.66966838,34.03055431
6/9/2025,34.06453552,44.42372527,35.12745728,39.92171831,34.20675271,37.82032386,18.85848963,26.21496978,25.37846727,0.970617591,1.693497949
7/9/2025,11.69921449,37.92465811,44.34282441,16.97989632,45.58703283,25.95283773,19.27953576,6.786388946,35.60573462,48.40297534,25.50550689
8/9/2025,17.85435403,12.83352717,31.46797015,1.69613796,31.83177173,18.9337515,0.656312552,29.9157336,18.27353124,20.98513656,49.31751583
9/9/2025,43.62179931,12.83352717,38.77518839,2.307068766,9.904854269,11.91466528,10.03776014,5.814366053,32.57241601,9.501702205,38.35030058
10/9/2025,6.931919751,23.05138904,30.74802895,5.460137349,35.17638752,34.92158126,14.25321207,34.0624763,19.23912526,30.13798654,22.96325609
11/9/2025,44.66693354,23.05138904,21.40828284,33.48078689,48.09434766,35.62554346,36.03418236,20.643019,44.42323121,40.20388693,15.81853523
12/9/2025,27.24021019,40.34329808,13.56301837,34.38209778,17.89882849,45.57744694,0.462988858,29.55980917,38.46617055,18.65790609,34.67112502
13-09-2025,39.02472229,18.7919554,16.69120686,28.35947864,12.20331315,12.33903236,35.04529927,38.18465464,22.61907168,14.48201811,36.05025389
14-09-2025,8.92451787,40.15803001,17.40012222,28.42341108,6.360733775,46.5092588,45.05317851,38.79535463,26.4009648,15.28424025,12.32479657
15-09-2025,47.43128756,47.38372785,38.96025508,41.09786493,16.16177012,27.52996428,26.81823282,31.01000493,34.23897985,33.11570911,9.919634479
16-09-2025,4.10549692,3.704413808,23.72228427,40.96691758,10.53909895,17.41684966,44.18106376,31.64673402,25.08245583,23.85451763,24.88930957
17-09-2025,31.84037146,3.325947528,9.733229584,2.017905369,33.15876778,38.03212655,39.98549778,22.75891028,12.96204276,18.13727774,28.12845246
18-09-2025,39.65462338,0.338070188,26.95398493,48.60856528,44.76802119,49.37816355,30.93468725,35.10020576,49.53006903,20.81734231,37.45673486
19-09-2025,44.0763906,5.950919703,36.64830988,38.30609721,3.836608063,13.06494936,24.11586659,26.18777243,46.75562199,12.61862106,1.93323599
20-09-2025,8.336626221,11.56376922,2.636938542,24.34215548,46.87702071,20.81799082,42.30384688,44.84835986,43.98117495,23.87632725,40.11261398
21-09-2025,28.88982338,39.2482391,38.37541885,34.21956256,12.66896722,28.88354136,13.4064202,19.21709182,33.64725817,47.12464903,26.23008551
22-09-2025,14.85252506,25.4993462,0.983564783,38.44927681,36.82388947,3.543006045,31.09959852,25.11201459,5.994430561,47.02734432,16.68851456
23-09-2025,48.83312838,2.672061339,13.58917434,37.99800987,43.34570731,13.83474802,28.8449915,29.25836407,47.12337119,27.7058893,7.146943615
24-09-2025,3.153286832,46.07809137,44.93972786,47.72426755,13.05741072,24.73022441,7.252603534,7.32272165,23.48055024,17.10010234,21.28567177
25-09-2025,46.69688943,23.58427592,46.74710723,23.11778956,38.24311253,11.21797001,15.58333201,30.86682339,32.75736414,29.0277994,21.28567177
26-09-2025,42.42968196,5.358799525,48.5544866,27.70083795,22.5017492,34.65606505,10.87046303,44.48565845,25.32094008,13.0143725,39.86084034
27-09-2025,19.17948036,14.46019318,0.141132671,31.37596546,21.56795544,2.754636517,33.7265047,36.61184421,4.475881034,46.74391291,39.86084034
28-09-2025,35.7281309,30.18390876,5.382470302,19.56486326,35.33064776,12.75382678,48.69767443,30.72433434,27.36969962,18.02274615,2.073067269
29-09-2025,40.91580555,30.45387424,33.17154807,43.9795152,22.13827873,22.75301704,12.86812611,8.788967619,22.93015582,2.603551951,44.45909071
30-09-2025,20.74438268,27.72221495,13.80928501,36.68641261,13.46404609,39.32173825,7.957005777,29.93694648,24.27603927,1.027867592,3.475686815
1/10/2025,20.44932391,29.55151808,5.436891362,23.32774724,14.69825584,46.73148475,35.48200718,32.95358393,40.37354595,42.80873865,3.395329217
